17 0.08697718631178708 0.36880674322961127 0.05228136882129278 0.2502036936447583
18 0.14258555133079848 0.3671820439202297 0.051330798479087426 0.27294948397609997
19 0.19866920152091253 0.3753055404671375 0.04942965779467684 0.2567024908822845
20 0.24952471482889735 0.3785549390859005 0.046577946768060804 0.27619888259486297
21 0.3041825095057034 0.3639326453014666 0.0551330798479087 0.2599518895010476
22 0.36026615969581754 0.3639326453014666 0.04942965779467677 0.2339567005509428
23 0.4139733840304183 0.36880674322961127 0.04657794676806084 0.2502036936447583
24 0.4681558935361217 0.3623079459920851 0.05608365019011408 0.2632012881198107
25 0.5237642585551331 0.37043144253899274 0.036121673003802285 0.23395670055094278
26 0.5774714828897338 0.3671820439202297 0.04467680608365022 0.2144603088383642
27 0.6302281368821293 0.3688067432296112 0.0551330798479087 0.2307073019321797
28 0.686787072243346 0.3671820439202297 0.04847908745247139 0.2534530922635214
29 0.7414448669201522 0.3671820439202297 0.04942965779467684 0.24045549778846895
30 0.7951520912547528 0.3623079459920851 0.04657794676806091 0.23070730193217973
31 0.8483840304182511 0.3623079459920851 0.05038022813688215 0.23070730193217973
32 0.9035171102661596 0.362307945992085 0.04847908745247153 0.24370489640723203
37 0.08602661596958175 0.6580032202995266 0.05418250950570343 0.23720609916970595
38 0.1421102661596958 0.6498797237526189 0.046577946768060825 0.23395670055094286
39 0.19439163498098858 0.6645020175370528 0.050380228136882116 0.24370489640723214
40 0.25 0.656378520990145 0.051330798479087496 0.2404554977884691
41 0.30560836501901134 0.6547538216807635 0.050380228136882116 0.2567024908822845
42 0.36026615969581754 0.6645020175370528 0.04942965779467677 0.25670249088228453
6 0.4149239543726236 0.6645020175370528 0.05228136882129277 0.24370489640723214
7 0.4662547528517111 0.6596279196089082 0.037072243346007595 0.24045549778846897
8 0.5213878326996197 0.656378520990145 0.05418250950570346 0.24695429502599522
9 0.5788973384030418 0.6515044230620005 0.05323193916349808 0.2567024908822845
10 0.6345057034220533 0.6498797237526189 0.04467680608365015 0.24695429502599522
11 0.6858365019011408 0.6547538216807635 0.05418250950570354 0.26970008535733675
12 0.7409695817490496 0.6531291223713819 0.04847908745247153 0.23395670055094278
13 0.7984790874524714 0.6580032202995266 0.04942965779467684 0.26320128811981064
14 0.8502851711026617 0.6482550244432375 0.04657794676806077 0.25670249088228453
15 0.904467680608365 0.656378520990145 0.05608365019011416 0.2404554977884691
