17 0.0865019011406844 0.37855493908590054 0.051330798479087454 0.2632012881198107
18 0.14258555133079848 0.3720561418483743 0.049429657794676805 0.25670249088228453
19 0.19581749049429661 0.3736808411577559 0.051330798479087426 0.24695429502599514
20 0.24952471482889735 0.36880674322961127 0.052281368821292806 0.2502036936447583
21 0.3041825095057034 0.3671820439202297 0.05323193916349808 0.24045549778846895
22 0.3588403041825095 0.36880674322961127 0.05038022813688215 0.2502036936447583
23 0.4158745247148289 0.3834290370140452 0.05038022813688215 0.24045549778846906
24 0.4710076045627376 0.37693023977651896 0.05418250950570339 0.2534530922635214
25 0.5228136882129277 0.37693023977651896 0.039923954372623596 0.25995188950104753
26 0.5765209125475286 0.359058547373322 0.05228136882129277 0.23720609916970592
27 0.6321292775665399 0.3623079459920851 0.04942965779467684 0.23070730193217973
28 0.686787072243346 0.3785549390859005 0.05038022813688215 0.2567024908822844
29 0.7404942965779469 0.3704314425389928 0.04942965779467684 0.240455497788469
30 0.7946768060836501 0.36555734461084816 0.05133079847908746 0.23070730193217973
31 0.8493346007604563 0.38180433770466365 0.04847908745247153 0.23720609916970595
32 0.9011406844106463 0.3623079459920851 0.04942965779467684 0.23720609916970595
37 0.08460076045627377 0.6645020175370528 0.05323193916349809 0.2502036936447582
38 0.14163498098859317 0.6482550244432373 0.049429657794676805 0.21770970745712723
39 0.19819391634980987 0.6531291223713821 0.048479087452471495 0.24695429502599522
40 0.2523764258555133 0.656378520990145 0.050380228136882116 0.25995188950104764
41 0.30655893536121676 0.6547538216807635 0.04657794676806091 0.23720609916970595
42 0.35788973384030415 0.6726255140839607 0.05228136882129284 0.26645068673857375
6 0.41682509505703425 0.656378520990145 0.04847908745247153 0.26645068673857364
7 0.4686311787072243 0.6450056258244743 0.030418250950570352 0.2502036936447582
8 0.5213878326996197 0.6693761154651975 0.05038022813688208 0.26645068673857375
9 0.5774714828897338 0.6531291223713819 0.05418250950570332 0.23395670055094278
10 0.6311787072243347 0.6450056258244743 0.04942965779467677 0.2502036936447582
11 0.6834600760456274 0.656378520990145 0.05323193916349808 0.24695429502599522
12 0.7400190114068442 0.656378520990145 0.05418250950570339 0.24695429502599522
13 0.7956273764258555 0.6515044230620005 0.04752851711026608 0.2502036936447584
14 0.8488593155893537 0.6466303251338559 0.04942965779467684 0.24695429502599509
15 0.9025665399239543 0.6498797237526189 0.05228136882129277 0.2274579033134166
