17 0.08602661596958175 0.3606832466827035 0.05228136882129277 0.26645068673857375
18 0.1402091254752852 0.362307945992085 0.05228136882129277 0.24370489640723203
19 0.1953422053231939 0.3639326453014665 0.05228136882129277 0.24045549778846897
20 0.2490494296577947 0.3623079459920851 0.051330798479087426 0.23070730193217973
21 0.30465779467680604 0.35905854737332193 0.05418250950570339 0.2567024908822844
22 0.36026615969581754 0.3558091487545589 0.04942965779467677 0.22420850469465356
23 0.4149239543726236 0.36555734461084816 0.05228136882129277 0.23070730193217973
24 0.4695817490494296 0.3834290370140452 0.05323193916349815 0.27294948397609997
25 0.5232889733840304 0.36880674322961127 0.038973384030418216 0.21770970745712734
26 0.5765209125475286 0.362307945992085 0.05228136882129277 0.25020369364475825
27 0.6326045627376427 0.3736808411577559 0.04657794676806084 0.24695429502599514
28 0.685361216730038 0.3753055404671375 0.04752851711026622 0.2502036936447583
29 0.7395437262357415 0.3736808411577559 0.05133079847908761 0.2339567005509428
30 0.7946768060836501 0.3753055404671375 0.0494296577946767 0.23070730193217973
31 0.8536121673003803 0.3834290370140452 0.05323193916349808 0.2339567005509428
32 0.9054182509505704 0.3639326453014666 0.04657794676806077 0.2534530922635214
37 0.08602661596958175 0.6693761154651975 0.05038022813688212 0.23395670055094286
38 0.1411596958174905 0.6612526189182898 0.04657794676806084 0.2242085046946535
39 0.19486692015209126 0.6547538216807635 0.05133079847908746 0.2567024908822845
40 0.2523764258555133 0.6758749127027238 0.050380228136882116 0.2924458756886786
41 0.3041825095057034 0.6596279196089082 0.047528517110266184 0.2664506867385738
42 0.3593155893536121 0.6661267168464343 0.04562737642585553 0.2664506867385738
6 0.413022813688213 0.656378520990145 0.04467680608365022 0.24695429502599522
7 0.467680608365019 0.6580032202995266 0.038022813688212906 0.2697000853573368
8 0.5242395437262357 0.6742502133933422 0.05038022813688208 0.25020369364475825
9 0.5803231939163498 0.6498797237526189 0.04847908745247139 0.24695429502599522
10 0.6335551330798479 0.6531291223713819 0.04277566539923953 0.24045549778846906
11 0.685361216730038 0.6596279196089082 0.04942965779467684 0.22095910607589034
12 0.7438212927756654 0.6580032202995266 0.05228136882129277 0.23720609916970595
13 0.7965779467680609 0.6466303251338559 0.04372623574144484 0.23395670055094273
14 0.8488593155893537 0.656378520990145 0.04752851711026622 0.23395670055094278
15 0.9039923954372624 0.6661267168464343 0.04752851711026608 0.20796151160083803
