0 0.36454372623574144 0.33512279498846853 0.057984790874524635 0.256513744312161
2 0.701045627376426 0.32271083961852526 0.05418250950570339 0.18204201209250148
4 0.865019011406844 0.3944243595337531 0.026615969581749114 0.07722994452409146
1 0.6425855513307985 0.3199526273140934 0.058935361216730084 0.2096241351368198
3 0.813212927756654 0.3185735211618775 0.054182509505703254 0.07447173221965972
5 0.9215779467680608 0.3144362027052297 0.061787072243346015 0.2096241351368198
24 0.08935361216730037 0.6233559808015957 0.058935361216730035 0.28133765505204755
25 0.14258555133079848 0.6219768746493799 0.04182509505703424 0.23996447048557001
26 0.20057034220532322 0.6233559808015957 0.049429657794676805 0.2316898335722746
27 0.25522813688212925 0.6178395561927321 0.05608365019011405 0.25375553200772927
28 0.3151140684410646 0.619218662344948 0.05798479087452474 0.2565137443121611
29 0.3711977186311788 0.6219768746493799 0.05038022813688208 0.23996447048557001
30 0.4249049429657795 0.6164604500405162 0.05513307984790877 0.2289316212678426
31 0.4800380228136882 0.6123231315838684 0.0551330798479087 0.2206569843545472
32 0.533745247148289 0.6123231315838684 0.05038022813688208 0.23168983357227446
33 0.589828897338403 0.6137022377360843 0.05798479087452477 0.23996447048557001
34 0.6482889733840304 0.5971529639094932 0.0494296577946767 0.20686592283238794
35 0.7024714828897339 0.6040484946705729 0.05323193916349808 0.2261734089634109
36 0.7590304182509504 0.601290282366141 0.05228136882129277 0.23168983357227455
37 0.8136882129277566 0.5985320700617092 0.04942965779467684 0.23720625818113825
38 0.8711977186311788 0.5957738577572773 0.05038022813688215 0.2151405597456835
39 0.9291825095057034 0.5930156454528455 0.05798479087452477 0.22617340896341084
