2 0.7034220532319392 0.3199526273140934 0.04562737642585546 0.19859128591909245
1 0.6487642585551331 0.32408994577074113 0.05418250950570339 0.19031664900579692
0 0.3669201520912547 0.3392601134451163 0.06463878326996195 0.23168983357227457
4 0.8640684410646388 0.3985616779904008 0.02281368821292773 0.07998815682852331
3 0.8141634980988592 0.3171944150096615 0.059885931558935394 0.044131396870909397
5 0.9249049429657795 0.3144362027052297 0.06463878326996195 0.22065698435454717
24 0.08317490494296578 0.6164604500405162 0.06178707224334601 0.2565137443121611
25 0.1421102661596958 0.6081858131272206 0.04087452471482889 0.26203016892102476
26 0.20152091254752855 0.6178395561927321 0.049429657794676805 0.24823910739886557
27 0.2571292775665399 0.6164604500405162 0.05608365019011405 0.2234151966589789
28 0.31083650190114065 0.6137022377360843 0.04562737642585553 0.2344480458767063
29 0.36644486692015205 0.6109440254316525 0.05608365019011408 0.22341519665897905
30 0.42395437262357416 0.6137022377360843 0.04942965779467677 0.2289316212678426
31 0.4790874524714829 0.6068067069750047 0.04942965779467684 0.2206569843545472
32 0.5342205323193917 0.6150813438883003 0.0551330798479087 0.24823910739886557
33 0.5907794676806084 0.6095649192794366 0.056083650190114014 0.2261734089634109
34 0.6473384030418251 0.619218662344948 0.05323193916349815 0.23996447048557001
35 0.7043726235741445 0.6123231315838684 0.0551330798479087 0.23168983357227446
36 0.7590304182509504 0.5999111762139252 0.05038022813688215 0.2399644704855701
37 0.8141634980988592 0.6040484946705729 0.05038022813688215 0.2482391073988655
38 0.8716730038022814 0.5985320700617092 0.05323193916349823 0.22617340896341084
39 0.9277566539923956 0.5999111762139252 0.05323193916349808 0.2289316212678427
