17 0.0865019011406844 0.3639326453014666 0.0494296577946768 0.22745790331341664
18 0.14306083650190116 0.3736808411577559 0.05228136882129277 0.2534530922635214
19 0.1991444866920152 0.35905854737332193 0.04277566539923956 0.24370489640723214
20 0.2519011406844106 0.37693023977651896 0.049429657794676805 0.22745790331341667
21 0.3041825095057034 0.3606832466827035 0.049429657794676805 0.22745790331341656
22 0.3597908745247149 0.36880674322961127 0.04847908745247146 0.2437048964072321
23 0.4139733840304183 0.362307945992085 0.05608365019011408 0.24370489640723203
24 0.4729087452471483 0.38180433770466365 0.05418250950570339 0.2761988825948631
25 0.5251901140684411 0.3753055404671375 0.037072243346007526 0.2502036936447583
26 0.5774714828897338 0.3671820439202297 0.05418250950570332 0.24045549778846895
27 0.6321292775665399 0.3736808411577559 0.04942965779467684 0.24045549778846906
28 0.6848859315589354 0.3639326453014666 0.04847908745247153 0.27294948397609997
29 0.7409695817490496 0.3688067432296112 0.05228136882129277 0.2307073019321797
30 0.7980038022813687 0.3639326453014666 0.05038022813688215 0.21446030883836426
31 0.8521863117870723 0.3704314425389928 0.05038022813688201 0.240455497788469
32 0.905893536121673 0.3720561418483743 0.05133079847908732 0.25020369364475825
37 0.0855513307984791 0.6661267168464344 0.0532319391634981 0.2599518895010477
38 0.1411596958174905 0.6515044230620003 0.05228136882129277 0.2372060991697059
39 0.1991444866920152 0.6580032202995266 0.05038022813688215 0.2242085046946535
40 0.2504752851711027 0.6596279196089082 0.04847908745247146 0.2924458756886785
41 0.30750950570342206 0.6628773182276713 0.05418250950570343 0.22745790331341656
42 0.36169201520912553 0.6515044230620005 0.04467680608365022 0.2697000853573369
6 0.41539923954372626 0.6628773182276714 0.05133079847908746 0.24695429502599522
7 0.4695817490494296 0.6693761154651975 0.036121673003802215 0.24695429502599522
8 0.5228136882129278 0.6596279196089082 0.05703422053231946 0.23395670055094292
9 0.5779467680608366 0.6596279196089082 0.04942965779467684 0.22745790331341667
10 0.6316539923954373 0.656378520990145 0.05038022813688208 0.2404554977884691
11 0.6848859315589354 0.6547538216807635 0.05228136882129277 0.23720609916970595
12 0.7395437262357415 0.6450056258244743 0.05133079847908761 0.2372060991697059
13 0.7961026615969581 0.6417562272057111 0.05038022813688215 0.243704896407232
14 0.8507604562737643 0.6417562272057111 0.04942965779467684 0.2502036936447583
15 0.905893536121673 0.6580032202995266 0.05133079847908732 0.24370489640723214
