17 0.08602661596958175 0.3623079459920851 0.05038022813688212 0.2826976798323893
18 0.14211026615969582 0.36555734461084816 0.05418250950570343 0.2502036936447583
19 0.19819391634980987 0.3720561418483744 0.048479087452471495 0.2632012881198107
20 0.251425855513308 0.3671820439202297 0.04847908745247153 0.26645068673857375
21 0.3041825095057034 0.3671820439202297 0.049429657794676805 0.26645068673857375
22 0.35741444866920147 0.35905854737332193 0.05133079847908753 0.25020369364475825
23 0.41349809885931554 0.3606832466827035 0.05133079847908746 0.2534530922635213
24 0.469106463878327 0.3574338480639404 0.05038022813688215 0.27294948397609997
25 0.5223384030418251 0.3606832466827035 0.04847908745247153 0.2534530922635213
26 0.5779467680608366 0.3574338480639404 0.04752851711026608 0.25995188950104753
27 0.6316539923954373 0.3736808411577559 0.05038022813688208 0.24045549778846906
28 0.6863117870722434 0.3720561418483743 0.05323193916349808 0.23720609916970595
29 0.7423954372623576 0.36555734461084816 0.05133079847908746 0.23070730193217973
30 0.7965779467680608 0.3688067432296112 0.04562737642585546 0.23720609916970584
31 0.8483840304182511 0.3671820439202297 0.05038022813688215 0.23395670055094275
32 0.9025665399239543 0.359058547373322 0.05418250950570339 0.23720609916970592
37 0.08507604562737642 0.6661267168464343 0.05418250950570342 0.23395670055094273
38 0.1411596958174905 0.6515044230620003 0.05418250950570339 0.2372060991697059
39 0.19629277566539927 0.6580032202995266 0.048479087452471495 0.23720609916970595
40 0.25 0.656378520990145 0.05323193916349808 0.2729494839760999
41 0.3037072243346008 0.6482550244432373 0.05228136882129284 0.2307073019321797
42 0.3593155893536122 0.6482550244432375 0.05133079847908746 0.276198882594863
6 0.4139733840304183 0.656378520990145 0.05418250950570346 0.2534530922635213
7 0.4681558935361217 0.6693761154651975 0.038973384030418216 0.24695429502599522
8 0.5242395437262357 0.6628773182276713 0.05038022813688208 0.23395670055094286
9 0.5774714828897338 0.6498797237526189 0.04847908745247146 0.2404554977884689
10 0.6311787072243347 0.6466303251338559 0.04372623574144491 0.2599518895010477
11 0.6863117870722434 0.6498797237526189 0.05133079847908746 0.24695429502599522
12 0.7409695817490494 0.6466303251338559 0.04467680608365015 0.23395670055094273
13 0.7937262357414449 0.6498797237526189 0.04942965779467684 0.26645068673857375
14 0.849809885931559 0.6515044230620005 0.04752851711026622 0.2502036936447584
15 0.9025665399239543 0.6498797237526189 0.05228136882129277 0.2274579033134166
