17 0.0855513307984791 0.3493103515170326 0.04942965779467681 0.23070730193217964
18 0.14163498098859317 0.362307945992085 0.049429657794676805 0.24370489640723203
19 0.19724334600760457 0.3639326453014666 0.046577946768060874 0.24695429502599514
20 0.24809885931558934 0.3606832466827035 0.04372623574144484 0.22745790331341656
21 0.3051330798479087 0.36880674322961127 0.057034220532319393 0.2632012881198107
22 0.3602661596958175 0.3688067432296112 0.04752851711026622 0.23720609916970584
23 0.41539923954372626 0.3671820439202297 0.05133079847908746 0.24045549778846895
24 0.4700570342205323 0.3574338480639404 0.05228136882129284 0.23395670055094275
25 0.5237642585551331 0.3671820439202297 0.034220532319391594 0.27294948397609997
26 0.5750950570342205 0.3720561418483744 0.04752851711026601 0.2437048964072321
27 0.6297528517110266 0.3671820439202297 0.04847908745247153 0.24695429502599522
28 0.68393536121673 0.38017963839528207 0.05038022813688215 0.25345309226352136
29 0.7404942965779467 0.36555734461084816 0.05323193916349823 0.23070730193217973
30 0.7961026615969581 0.37693023977651896 0.04657794676806077 0.2534530922635214
31 0.8488593155893537 0.3688067432296112 0.04942965779467684 0.23720609916970584
32 0.904467680608365 0.3753055404671375 0.04847908745247139 0.2502036936447583
37 0.0855513307984791 0.6531291223713821 0.0532319391634981 0.27944828121362614
38 0.14306083650190113 0.656378520990145 0.050380228136882116 0.2404554977884691
39 0.19581749049429661 0.6580032202995266 0.051330798479087426 0.25020369364475825
40 0.2504752851711027 0.6645020175370528 0.05228136882129277 0.25670249088228453
41 0.3037072243346008 0.6580032202995266 0.05228136882129284 0.24370489640723214
42 0.3597908745247148 0.6612526189182898 0.05228136882129277 0.26320128811981064
6 0.4130228136882129 0.6596279196089082 0.05228136882129277 0.2534530922635214
7 0.4657794676806084 0.6580032202995266 0.036121673003802285 0.25020369364475825
8 0.5218631178707224 0.6531291223713819 0.05133079847908739 0.23395670055094278
9 0.5774714828897338 0.6482550244432375 0.04847908745247146 0.25020369364475825
10 0.6330798479087452 0.6531291223713819 0.04372623574144484 0.2534530922635214
11 0.6848859315589354 0.6596279196089082 0.04847908745247153 0.2534530922635214
12 0.7409695817490496 0.6547538216807635 0.04847908745247153 0.26320128811981064
13 0.7932509505703422 0.6515044230620005 0.04847908745247139 0.2697000853573369
14 0.8502851711026617 0.6450056258244743 0.04847908745247153 0.25670249088228453
15 0.9049429657794675 0.6580032202995266 0.05323193916349808 0.2177097074571273
