17 0.08745247148288973 0.3736808411577559 0.05893536121673004 0.27944828121362614
18 0.14448669201520914 0.3753055404671375 0.05133079847908748 0.2761988825948631
19 0.19724334600760457 0.3720561418483743 0.04467680608365018 0.25670249088228453
20 0.24857414448669204 0.3639326453014666 0.050380228136882116 0.2664506867385737
21 0.3032319391634981 0.3639326453014665 0.05133079847908746 0.24045549778846897
22 0.3588403041825095 0.3525597501357957 0.05038022813688215 0.22420850469465348
23 0.4149239543726236 0.3558091487545589 0.04847908745247146 0.2437048964072321
24 0.4695817490494296 0.3704314425389928 0.05513307984790877 0.2469542950259952
25 0.5223384030418251 0.3639326453014666 0.04087452471482891 0.2339567005509428
26 0.5803231939163499 0.35905854737332193 0.05608365019011408 0.24370489640723214
27 0.6345057034220533 0.3606832466827035 0.04657794676806084 0.22745790331341656
28 0.686787072243346 0.35905854737332193 0.04847908745247139 0.2307073019321797
29 0.7419201520912548 0.38180433770466365 0.05228136882129277 0.2437048964072321
30 0.7956273764258555 0.3639326453014665 0.05133079847908746 0.20146271436331184
31 0.8507604562737643 0.359058547373322 0.04942965779467684 0.20471211298207495
32 0.905893536121673 0.3639326453014666 0.05133079847908732 0.2339567005509428
37 0.08507604562737643 0.6645020175370527 0.05038022813688214 0.2372060991697059
38 0.1411596958174905 0.6515044230620003 0.04847908745247146 0.21121091021960112
39 0.19629277566539927 0.656378520990145 0.046577946768060804 0.23395670055094278
40 0.252851711026616 0.6515044230620005 0.051330798479087496 0.24370489640723206
41 0.30560836501901134 0.6482550244432373 0.046577946768060804 0.20471211298207492
42 0.3616920152091254 0.6677514161558159 0.05038022813688215 0.276198882594863
6 0.4158745247148289 0.6693761154651975 0.05038022813688215 0.2404554977884689
7 0.46530418250950567 0.6466303251338559 0.03136882129277566 0.24695429502599509
8 0.5213878326996197 0.6417562272057111 0.05038022813688208 0.2372060991697059
9 0.5765209125475286 0.6466303251338559 0.05228136882129277 0.24695429502599509
10 0.6326045627376427 0.6547538216807635 0.0427756653992396 0.26970008535733675
11 0.6848859315589354 0.6385068285869481 0.05228136882129277 0.2372060991697058
12 0.7395437262357415 0.6433809265150927 0.0494296577946767 0.2404554977884689
13 0.7956273764258555 0.6385068285869481 0.04942965779467684 0.2502036936447582
14 0.8479087452471483 0.6628773182276714 0.04752851711026622 0.2664506867385738
15 0.904467680608365 0.6596279196089081 0.05228136882129292 0.24695429502599517
