17 0.08697718631178705 0.3639326453014666 0.04847908745247148 0.2534530922635214
18 0.14068441064638784 0.3623079459920851 0.04942965779467679 0.2632012881198107
19 0.19486692015209123 0.3558091487545588 0.05323193916349812 0.2372060991697059
20 0.251425855513308 0.3720561418483743 0.050380228136882116 0.25670249088228453
21 0.3046577946768061 0.3720561418483744 0.0522813688212927 0.2437048964072321
22 0.3583650190114069 0.3736808411577559 0.05133079847908746 0.21446030883836428
23 0.4130228136882129 0.37693023977651896 0.05038022813688215 0.21446030883836417
24 0.467680608365019 0.37043144253899274 0.05323193916349808 0.23395670055094278
25 0.5237642585551331 0.3623079459920851 0.04372623574144484 0.23720609916970595
26 0.5779467680608366 0.3704314425389928 0.05133079847908746 0.2664506867385738
27 0.6311787072243347 0.36880674322961127 0.04942965779467677 0.2437048964072321
28 0.685361216730038 0.3606832466827035 0.04752851711026622 0.2599518895010476
29 0.7414448669201522 0.37855493908590054 0.04942965779467684 0.2632012881198107
30 0.7942015209125475 0.362307945992085 0.05228136882129277 0.22420850469465348
31 0.849809885931559 0.3720561418483743 0.04562737642585546 0.23070730193217964
32 0.9063688212927755 0.3623079459920851 0.05038022813688215 0.23720609916970595
37 0.08602661596958175 0.6596279196089082 0.05418250950570343 0.2599518895010475
38 0.1435361216730038 0.656378520990145 0.045627376425855515 0.24695429502599522
39 0.19391634980988592 0.6580032202995266 0.05133079847908746 0.24370489640723214
40 0.2504752851711027 0.6612526189182897 0.04847908745247146 0.2567024908822845
41 0.3051330798479087 0.6628773182276713 0.051330798479087426 0.23395670055094286
42 0.3593155893536121 0.6515044230620005 0.05513307984790877 0.24370489640723206
6 0.41539923954372626 0.6612526189182898 0.04562737642585553 0.2242085046946535
7 0.4686311787072243 0.656378520990145 0.036121673003802215 0.2404554977884691
8 0.5232889733840305 0.6531291223713819 0.05418250950570339 0.2599518895010475
9 0.5793726235741444 0.6433809265150927 0.04847908745247153 0.25995188950104753
10 0.6321292775665399 0.6417562272057111 0.04562737642585553 0.243704896407232
11 0.68393536121673 0.6482550244432373 0.05038022813688215 0.2307073019321797
12 0.7395437262357415 0.6531291223713819 0.05513307984790885 0.24045549778846906
13 0.7946768060836501 0.6450056258244743 0.04562737642585546 0.24370489640723206
14 0.8479087452471483 0.6515044230620005 0.04942965779467684 0.23070730193217975
15 0.9039923954372623 0.6580032202995266 0.0551330798479087 0.26970008535733697
