32 0.13084613694369793 0.46351351351351355 0.059951320926930694 0.20270270270270266
8 0.27644220205195813 0.44594594594594594 0.054241671314842005 0.2108108108108108
39 0.33020806923245943 0.43513513513513513 0.05329006304616066 0.1945945945945946
7 0.37683687439785 0.4216216216216216 0.03806433074725767 0.1837837837837837
16 0.42774791677230695 0.41891891891891886 0.05424167131484204 0.12972972972972976
13 0.5176748981627031 0.39729729729729724 0.06090292919561208 0.21621621621621614
4 0.5666827239997972 0.454054054054054 0.0333062894038504 0.08108108108108106
13 0.6123599208965063 0.3878378378378378 0.050435238240116365 0.2135135135135135
15 0.6623193550022819 0.377027027027027 0.04948362997143484 0.20270270270270271
27 0.7127545932423981 0.3581081081081081 0.04377398035934618 0.1864864864864865
8 0.7579559860047665 0.3567567567567568 0.04472558862802771 0.18378378378378382
11 0.8064880077075199 0.3486486486486487 0.048532021702753385 0.20000000000000004
19 0.8573990500819769 0.33513513513513515 0.049483629971434906 0.1891891891891892
35 0.13417676588408298 0.6959459459459459 0.058999712658249256 0.19189189189189193
9 0.18651522066156215 0.6905405405405405 0.04567719689670909 0.20270270270270266
13 0.23552304649865627 0.6756756756756757 0.042822372090664765 0.18918918918918926
6 0.28453087233575025 0.6675675675675676 0.04948362997143512 0.1837837837837836
26 0.3340145023071852 0.6608108108108108 0.043773980359346217 0.20270270270270266
7 0.42774791677230695 0.6445945945945946 0.04282237209066473 0.19729729729729734
11 0.4767557426094012 0.6297297297297297 0.049483629971434906 0.18918918918918912
15 0.5271909808495174 0.6243243243243244 0.04567719689670916 0.1837837837837838
7 0.619496982911617 0.6148648648648648 0.04187076382198327 0.1972972972972974
6 0.6675532004800298 0.6 0.048532021702753385 0.19459459459459466
9 0.716561026317124 0.5945945945945946 0.049483629971434906 0.20000000000000007
32 0.8093428325135642 0.572972972972973 0.05614488785220502 0.1891891891891892
35 0.8645361120970877 0.5662162162162162 0.05043523824011629 0.1918918918918918
