0 0.3650190114068441 0.3282272642273889 0.058935361216730014 0.27030480583432026
4 0.8640684410646388 0.3875288287726735 0.02661596958174897 0.0799881568285234
1 0.6463878326996197 0.32822726422738896 0.057034220532319393 0.20410771052795618
2 0.7029467680608366 0.32271083961852526 0.05038022813688215 0.17100916287477408
3 0.8141634980988592 0.32133173346630933 0.05418250950570354 0.06343888300193232
5 0.9230038022813689 0.3254690519229571 0.060836501901140705 0.20410771052795618
24 0.08507604562737642 0.617839556192732 0.06749049429657794 0.28685407966091125
25 0.14591254752851712 0.6137022377360843 0.04467680608365017 0.26203016892102476
26 0.1991444866920152 0.6205977684971639 0.05418250950570343 0.27030480583432015
27 0.2571292775665399 0.619218662344948 0.05228136882129274 0.2565137443121611
28 0.310361216730038 0.6192186623449479 0.05038022813688215 0.22893162126784275
29 0.3678707224334601 0.6261141931060277 0.05323193916349808 0.24272268279000186
30 0.4249049429657795 0.6150813438883003 0.05133079847908746 0.23168983357227446
31 0.48193916349809884 0.6150813438883003 0.05133079847908739 0.23168983357227446
32 0.5361216730038023 0.6095649192794366 0.05323193916349815 0.2482391073988655
33 0.5903041825095057 0.6123231315838684 0.05323193916349808 0.23168983357227446
34 0.6449619771863118 0.6123231315838684 0.05418250950570346 0.24272268279000186
35 0.7038973384030419 0.6081858131272206 0.057984790874524635 0.23444804587670645
36 0.7566539923954372 0.601290282366141 0.04372623574144484 0.2151405597456835
37 0.811787072243346 0.6178395561927321 0.05513307984790885 0.2703048058343203
38 0.872148288973384 0.6026693885183569 0.05038022813688215 0.26754659352988847
39 0.9258555133079847 0.6054276008227888 0.04752851711026622 0.27306301813875217
