32 0.12751550800331288 0.45675675675675675 0.06851579534506363 0.227027027027027
8 0.27691800618629886 0.4418918918918919 0.0570964961208864 0.2297297297297297
39 0.33020806923245943 0.42972972972972967 0.04758041343407196 0.21081081081081074
7 0.37683687439785 0.43513513513513513 0.03996754728462051 0.1945945945945946
16 0.42679630850362554 0.41081081081081083 0.05043523824011629 0.14054054054054055
13 0.5181507022970437 0.3945945945945946 0.05614488785220494 0.21621621621621617
4 0.5657311157311158 0.45 0.025693423254398908 0.09459459459459467
13 0.6133115291651877 0.3783783783783784 0.048532021702753454 0.20000000000000004
15 0.663746767405304 0.377027027027027 0.04853202170275331 0.1918918918918919
27 0.7103755725706946 0.37027027027027026 0.0428223720906648 0.19459459459459463
8 0.7608108108108108 0.3554054054054054 0.046628805165390474 0.19729729729729736
11 0.8074396159762014 0.34594594594594597 0.04662880516539061 0.19459459459459463
19 0.8602538748880213 0.3378378378378379 0.05329006304616058 0.1945945945945946
35 0.13465257001842368 0.6905405405405406 0.05614488785220493 0.20270270270270274
9 0.18746682893024358 0.6824324324324325 0.04567719689670909 0.19729729729729734
13 0.23504724236431554 0.677027027027027 0.04948362997143484 0.19189189189189185
6 0.2845308723357504 0.6621621621621621 0.047580413434072 0.17297297297297298
26 0.33496611057586667 0.6648648648648648 0.038064330747257596 0.18918918918918926
7 0.42822372090664773 0.6418918918918919 0.04567719689670916 0.20270270270270266
11 0.47770735087808264 0.6378378378378378 0.049483629971434906 0.20540540540540542
15 0.5276667849838581 0.6202702702702703 0.04662880516539061 0.18108108108108112
7 0.6204485911802985 0.6189189189189189 0.04377398035934618 0.22162162162162155
6 0.6694564170173928 0.5986486486486488 0.048532021702753385 0.18108108108108106
9 0.7170368304514645 0.5878378378378379 0.0428223720906648 0.18648648648648652
32 0.8074396159762014 0.577027027027027 0.058048104389567784 0.19729729729729725
35 0.8650119162314286 0.5662162162162163 0.05519327958352349 0.19189189189189185
