17 0.0865019011406844 0.3655573446108481 0.0494296577946768 0.2632012881198106
18 0.14258555133079848 0.3753055404671374 0.0532319391634981 0.26320128811981064
19 0.19629277566539924 0.3736808411577559 0.05038022813688215 0.2339567005509428
20 0.2519011406844106 0.3720561418483743 0.049429657794676805 0.23070730193217964
21 0.30370722433460073 0.3623079459920851 0.048479087452471495 0.23720609916970595
22 0.3593155893536121 0.3623079459920851 0.04562737642585553 0.2632012881198107
23 0.4139733840304183 0.3509350508264142 0.05038022813688208 0.2339567005509428
24 0.4724334600760457 0.3460609528982696 0.05323193916349815 0.2826976798323893
25 0.5237642585551331 0.3623079459920851 0.04182509505703429 0.23720609916970595
26 0.5788973384030418 0.3639326453014665 0.04752851711026622 0.24045549778846897
27 0.6335551330798479 0.3639326453014666 0.04847908745247146 0.2339567005509428
28 0.685361216730038 0.3720561418483744 0.04752851711026622 0.2632012881198107
29 0.7404942965779467 0.3818043377046636 0.05323193916349823 0.2697000853573368
30 0.7965779467680608 0.3509350508264142 0.0551330798479087 0.21446030883836428
31 0.8526615969581749 0.35255975013579577 0.04752851711026622 0.2502036936447583
32 0.9049429657794675 0.3720561418483744 0.04752851711026622 0.2632012881198107
37 0.08602661596958175 0.6726255140839607 0.05418250950570343 0.24695429502599522
38 0.14258555133079848 0.6580032202995266 0.051330798479087426 0.24370489640723214
39 0.19724334600760457 0.6661267168464343 0.04847908745247146 0.22745790331341667
40 0.251425855513308 0.6596279196089082 0.050380228136882116 0.23395670055094292
41 0.3041825095057034 0.6498797237526189 0.047528517110266184 0.2274579033134166
42 0.3588403041825095 0.6547538216807635 0.05038022813688215 0.2567024908822845
6 0.41349809885931565 0.656378520990145 0.04752851711026615 0.25995188950104764
7 0.4686311787072243 0.6498797237526189 0.04562737642585546 0.22745790331341653
8 0.5218631178707224 0.656378520990145 0.04752851711026615 0.2534530922635213
9 0.5774714828897338 0.6547538216807635 0.04847908745247139 0.2567024908822845
10 0.6316539923954373 0.6450056258244743 0.05228136882129277 0.204712112982075
11 0.6863117870722434 0.6580032202995266 0.05133079847908746 0.2567024908822845
12 0.7395437262357416 0.6466303251338559 0.05323193916349808 0.25345309226352136
13 0.7937262357414449 0.6515044230620005 0.04752851711026608 0.2697000853573369
14 0.8493346007604563 0.6547538216807635 0.04467680608365015 0.25020369364475825
15 0.905893536121673 0.6580032202995266 0.05133079847908732 0.24370489640723214
