17 0.08745247148288973 0.3736808411577559 0.049429657794676805 0.24695429502599514
18 0.14258555133079848 0.3671820439202297 0.045627376425855494 0.2534530922635214
19 0.19724334600760457 0.37693023977651896 0.046577946768060874 0.25995188950104753
20 0.2504752851711027 0.362307945992085 0.04657794676806084 0.24370489640723203
21 0.30560836501901145 0.3704314425389928 0.048479087452471495 0.240455497788469
22 0.3593155893536122 0.3736808411577559 0.04942965779467684 0.25995188950104764
23 0.41444866920152096 0.3671820439202297 0.04752851711026615 0.23395670055094275
24 0.471958174904943 0.3688067432296112 0.05038022813688215 0.23720609916970584
25 0.5247148288973383 0.3639326453014666 0.038022813688212906 0.24695429502599514
26 0.5779467680608366 0.3688067432296112 0.04372623574144484 0.2307073019321797
27 0.6330798479087453 0.3655573446108481 0.04562737642585546 0.23720609916970584
28 0.6877376425855514 0.36555734461084816 0.05038022813688215 0.2502036936447583
29 0.7423954372623576 0.362307945992085 0.04942965779467684 0.24370489640723203
30 0.7946768060836501 0.3639326453014666 0.0494296577946767 0.24695429502599514
31 0.8474334600760457 0.3688067432296112 0.04847908745247153 0.2567024908822844
32 0.904467680608365 0.3671820439202297 0.04847908745247139 0.24695429502599522
37 0.08697718631178708 0.6580032202995266 0.04657794676806084 0.23720609916970595
38 0.14306083650190113 0.6531291223713821 0.050380228136882116 0.24695429502599522
39 0.19724334600760457 0.6547538216807635 0.046577946768060874 0.25020369364475825
40 0.2519011406844106 0.6580032202995266 0.049429657794676805 0.25020369364475825
41 0.3056083650190114 0.6580032202995266 0.04657794676806084 0.25020369364475825
42 0.3612167300380228 0.6547538216807635 0.05323193916349808 0.2567024908822845
6 0.41444866920152096 0.6498797237526189 0.04372623574144491 0.2404554977884689
7 0.4686311787072243 0.6628773182276713 0.034220532319391664 0.25995188950104764
8 0.5247148288973384 0.6466303251338559 0.05323193916349823 0.2599518895010477
9 0.5784220532319392 0.6482550244432375 0.05038022813688215 0.25670249088228453
10 0.6340304182509506 0.6482550244432375 0.04562737642585553 0.25670249088228453
11 0.685361216730038 0.6547538216807635 0.05323193916349808 0.23070730193217961
12 0.7414448669201522 0.6482550244432375 0.04942965779467684 0.2372060991697059
13 0.7951520912547528 0.6450056258244743 0.05038022813688215 0.2632012881198107
14 0.8507604562737643 0.649879723752619 0.05133079847908746 0.2534530922635214
15 0.9054182509505702 0.656378520990145 0.04847908745247153 0.2534530922635213
