2 0.6991444866920152 0.326848158075173 0.04847908745247139 0.20686592283238803
0 0.36549429657794674 0.32133173346630933 0.05798479087452477 0.22893162126784264
1 0.6425855513307985 0.3378810072929004 0.060836501901140566 0.1958330736146606
4 0.8659695817490494 0.39580346568596897 0.02471482889733835 0.07447173221965961
5 0.923954372623574 0.30891977809636606 0.0551330798479087 0.19859128591909248
3 0.8165399239543726 0.3185735211618775 0.058935361216730084 0.06343888300193232
24 0.0855513307984791 0.6095649192794366 0.07034220532319392 0.275821230443184
25 0.1449619771863118 0.6123231315838684 0.03517110266159694 0.2592719566165929
26 0.19866920152091253 0.6026693885183569 0.051330798479087426 0.22893162126784275
27 0.2561787072243346 0.620597768497164 0.057984790874524704 0.23168983357227446
28 0.3127376425855513 0.6247350869538117 0.051330798479087426 0.2509973197032974
29 0.3683460076045627 0.619218662344948 0.05228136882129284 0.24548089509443372
30 0.4249049429657795 0.6068067069750047 0.05513307984790877 0.2261734089634109
31 0.4781368821292776 0.5999111762139251 0.04752851711026615 0.20686592283238794
32 0.5318441064638784 0.5999111762139252 0.05038022813688215 0.2289316212678427
33 0.591254752851711 0.6095649192794366 0.05133079847908739 0.2482391073988655
34 0.6473384030418251 0.6081858131272206 0.05323193916349815 0.23444804587670645
35 0.7019961977186313 0.6026693885183569 0.05228136882129277 0.22341519665897905
36 0.7576045627376424 0.5957738577572773 0.04942965779467684 0.23168983357227455
37 0.8151140684410646 0.6026693885183569 0.05608365019011416 0.22893162126784275
38 0.872148288973384 0.5930156454528455 0.05038022813688215 0.22617340896341084
39 0.9287072243346008 0.5930156454528455 0.05133079847908746 0.23168983357227455
