4 0.8635931558935361 0.39718257183818495 0.02186311787072242 0.08274636913295516
2 0.7024714828897339 0.32271083961852526 0.0551330798479087 0.16549273826591038
1 0.6444866920152091 0.3240899457707412 0.05513307984790885 0.18480022439693333
0 0.3669201520912547 0.33098547653182075 0.057034220532319393 0.2537555320077292
3 0.8122623574144486 0.31719441500966156 0.04847908745247153 0.04964782147977306
5 0.9215779467680608 0.31167799040079786 0.06368821292775678 0.22617340896341087
24 0.08460076045627377 0.6137022377360843 0.06653992395437261 0.23996447048557001
25 0.14306083650190116 0.6178395561927321 0.04467680608365017 0.2647883812254566
26 0.20152091254752855 0.6192186623449479 0.051330798479087426 0.23996447048557015
27 0.2571292775665399 0.6164604500405162 0.050380228136882116 0.2234151966589789
28 0.311787072243346 0.6192186623449479 0.051330798479087496 0.21789877205011535
29 0.36882129277566533 0.6247350869538117 0.05323193916349815 0.23996447048557001
30 0.42538022813688214 0.6109440254316525 0.05038022813688215 0.20686592283238808
31 0.48051330798479086 0.6178395561927321 0.05228136882129284 0.22617340896341076
32 0.535171102661597 0.6081858131272206 0.05513307984790885 0.24548089509443366
33 0.592680608365019 0.6054276008227888 0.05418250950570339 0.23444804587670645
34 0.6473384030418251 0.6109440254316525 0.05133079847908732 0.24548089509443372
35 0.7038973384030419 0.5999111762139251 0.056083650190114014 0.21238234744125162
36 0.7585551330798479 0.602669388518357 0.04562737642585546 0.2344480458767064
37 0.813212927756654 0.6040484946705729 0.054182509505703254 0.2482391073988655
38 0.8711977186311788 0.601290282366141 0.05228136882129277 0.23168983357227455
39 0.9291825095057034 0.601290282366141 0.05418250950570354 0.24823910739886565
