17 0.0865019011406844 0.3720561418483743 0.051330798479087454 0.25670249088228453
18 0.14306083650190113 0.38180433770466365 0.050380228136882116 0.2761988825948631
19 0.19676806083650192 0.3720561418483743 0.04752851711026615 0.25670249088228453
20 0.24809885931558934 0.3639326453014666 0.04752851711026615 0.2664506867385737
21 0.30418250950570347 0.3541844494451773 0.05703422053231936 0.25995188950104753
22 0.36216730038022815 0.3639326453014666 0.05323193916349808 0.2599518895010476
23 0.41539923954372626 0.3671820439202297 0.04752851711026615 0.2534530922635214
24 0.47338403041825106 0.3574338480639404 0.05513307984790877 0.24695429502599514
25 0.525190114068441 0.3623079459920851 0.035171102661596974 0.23720609916970595
26 0.5755703422053231 0.3606832466827035 0.05228136882129277 0.240455497788469
27 0.6316539923954373 0.3671820439202297 0.05038022813688208 0.25995188950104753
28 0.685361216730038 0.3720561418483744 0.04752851711026622 0.28269767983238925
29 0.7414448669201522 0.38505373632342665 0.05323193916349808 0.2826976798323892
30 0.7942015209125475 0.35905854737332193 0.05228136882129277 0.2567024908822844
31 0.8521863117870723 0.3639326453014666 0.05228136882129277 0.2534530922635214
32 0.904467680608365 0.3606832466827035 0.04467680608365015 0.2534530922635213
37 0.08602661596958175 0.6628773182276713 0.05418250950570343 0.25995188950104764
38 0.14068441064638784 0.6596279196089082 0.04942965779467679 0.2534530922635214
39 0.19486692015209126 0.6498797237526189 0.04942965779467677 0.2729494839760999
40 0.2523764258555133 0.6580032202995266 0.05418250950570339 0.2826976798323893
41 0.30560836501901145 0.6450056258244743 0.048479087452471495 0.25670249088228453
42 0.3607414448669201 0.6482550244432375 0.05228136882129277 0.25020369364475825
6 0.41539923954372626 0.6612526189182897 0.04942965779467684 0.28269767983238914
7 0.4672053231939164 0.656378520990145 0.04087452471482884 0.2404554977884691
8 0.5256653992395438 0.6661267168464344 0.04942965779467677 0.2599518895010477
9 0.5779467680608366 0.6547538216807635 0.04752851711026608 0.2567024908822845
10 0.6316539923954373 0.6580032202995266 0.05038022813688208 0.26320128811981064
11 0.688212927756654 0.6596279196089082 0.05513307984790885 0.27944828121362614
12 0.7428707224334602 0.6450056258244743 0.042775665399239673 0.24370489640723214
13 0.7961026615969581 0.6466303251338559 0.04847908745247153 0.24695429502599509
14 0.849809885931559 0.6482550244432375 0.05323193916349808 0.25020369364475825
15 0.9054182509505702 0.656378520990145 0.04847908745247153 0.2534530922635213
