17 0.0879277566539924 0.3753055404671375 0.05038022813688214 0.2502036936447583
18 0.14211026615969582 0.3655573446108481 0.048479087452471495 0.25670249088228453
19 0.19676806083650192 0.3736808411577559 0.049429657794676805 0.24695429502599514
20 0.24809885931558934 0.3639326453014666 0.05323193916349808 0.2534530922635214
21 0.30655893536121676 0.37693023977651896 0.04657794676806091 0.24695429502599522
22 0.36026615969581754 0.3736808411577559 0.04562737642585553 0.24045549778846906
23 0.41634980988593157 0.37855493908590054 0.05133079847908746 0.2632012881198107
24 0.470532319391635 0.3720561418483743 0.04562737642585553 0.22420850469465348
25 0.5242395437262357 0.36555734461084816 0.037072243346007595 0.2502036936447583
26 0.5774714828897339 0.3639326453014666 0.04657794676806084 0.22745790331341664
27 0.6335551330798479 0.3606832466827035 0.04847908745247146 0.22745790331341656
28 0.6858365019011408 0.3736808411577559 0.05038022813688215 0.25995188950104764
29 0.7419201520912548 0.3736808411577559 0.05038022813688215 0.24045549778846906
30 0.7965779467680608 0.3639326453014666 0.04562737642585546 0.2339567005509428
31 0.8502851711026617 0.3558091487545589 0.05038022813688215 0.23070730193217973
32 0.904467680608365 0.37693023977651896 0.04847908745247139 0.25995188950104753
37 0.08982889733840305 0.6710008147745791 0.05228136882129277 0.25670249088228453
38 0.1435361216730038 0.6596279196089082 0.05133079847908746 0.24045549778846897
39 0.19724334600760457 0.6628773182276713 0.04847908745247146 0.25345309226352136
40 0.251425855513308 0.656378520990145 0.05228136882129274 0.25995188950104764
41 0.30560836501901145 0.649879723752619 0.048479087452471495 0.2534530922635214
42 0.3607414448669201 0.6531291223713819 0.04847908745247153 0.2599518895010475
6 0.41730038022813687 0.667751416155816 0.04752851711026622 0.25670249088228453
7 0.467680608365019 0.6726255140839607 0.034220532319391594 0.2794482812136262
8 0.5232889733840304 0.6645020175370528 0.05038022813688223 0.25670249088228453
9 0.5779467680608366 0.656378520990145 0.04942965779467684 0.24695429502599522
10 0.6340304182509506 0.6596279196089082 0.04752851711026608 0.27294948397609997
11 0.6872623574144486 0.6612526189182897 0.05133079847908761 0.2567024908822845
12 0.7414448669201522 0.6612526189182898 0.04752851711026622 0.26320128811981064
13 0.7951520912547528 0.6450056258244743 0.04657794676806091 0.24370489640723206
14 0.8507604562737643 0.6596279196089082 0.04942965779467684 0.24045549778846897
15 0.9068441064638784 0.6628773182276713 0.0494296577946767 0.24045549778846897
