32 0.12941872454067577 0.454054054054054 0.06661257880770076 0.23243243243243242
8 0.27644220205195813 0.4472972972972973 0.05614488785220494 0.20810810810810815
39 0.3306838733668003 0.4243243243243244 0.05043523824011633 0.2
7 0.37683687439785 0.4270270270270271 0.03425789767253185 0.1837837837837838
16 0.4253688961006034 0.42567567567567566 0.04948362997143484 0.127027027027027
13 0.5186265064313845 0.3945945945945946 0.057096496120886325 0.2108108108108108
4 0.5666827239997972 0.4432432432432432 0.029499856329124583 0.09189189189189192
13 0.6137873332995284 0.3783783783783784 0.049483629971434906 0.1891891891891892
15 0.6642225715396447 0.3662162162162162 0.04187076382198327 0.1810810810810811
27 0.7113271808393758 0.3581081081081081 0.044725588628027564 0.20270270270270277
8 0.7608108108108108 0.3581081081081081 0.044725588628027425 0.20270270270270277
11 0.8069638118418606 0.3486486486486487 0.04567719689670909 0.21081081081081085
19 0.855495833544614 0.3324324324324324 0.051386846508797816 0.20540540540540542
35 0.13607998242144587 0.6905405405405405 0.0532900630461606 0.18648648648648639
9 0.188418437198925 0.6810810810810811 0.043773980359346217 0.20000000000000007
13 0.2364746547673377 0.6783783783783783 0.04662880516539051 0.2
6 0.286909893007454 0.6729729729729729 0.050435238240116254 0.1891891891891892
26 0.33639352297888886 0.6635135135135135 0.04662880516539051 0.18108108108108106
7 0.4272721126379663 0.6513513513513512 0.04377398035934618 0.18918918918918926
11 0.4767557426094012 0.6378378378378379 0.049483629971434906 0.1891891891891892
15 0.5276667849838581 0.6270270270270271 0.04662880516539061 0.1891891891891892
7 0.619496982911617 0.6121621621621621 0.04187076382198327 0.2405405405405405
6 0.6670773963456891 0.6067567567567568 0.047580413434072 0.21351351351351355
9 0.7160852221827833 0.5891891891891892 0.039015939015938986 0.22162162162162166
32 0.8088670283792235 0.572972972972973 0.05329006304616058 0.20540540540540533
35 0.8631086996940657 0.572972972972973 0.05329006304616058 0.20540540540540542
