17 0.0855513307984791 0.3541844494451773 0.0532319391634981 0.2209591060758904
18 0.14068441064638784 0.3623079459920851 0.057034220532319393 0.23720609916970595
19 0.19819391634980987 0.37693023977651896 0.04657794676806084 0.2339567005509428
20 0.2504752851711027 0.3720561418483744 0.04847908745247146 0.2632012881198107
21 0.3037072243346008 0.3606832466827035 0.05228136882129284 0.22745790331341656
22 0.3597908745247148 0.362307945992085 0.04657794676806091 0.25020369364475825
23 0.41539923954372626 0.3720561418483744 0.05323193916349808 0.2437048964072321
24 0.47100760456273766 0.3704314425389928 0.05038022813688215 0.2469542950259952
25 0.5228136882129277 0.3720561418483744 0.039923954372623596 0.2437048964072321
26 0.5798479087452472 0.3655573446108481 0.04562737642585546 0.2632012881198106
27 0.6321292775665399 0.362307945992085 0.05133079847908739 0.25020369364475825
28 0.6863117870722434 0.3736808411577559 0.04942965779467684 0.27294948397609997
29 0.7419201520912548 0.38017963839528207 0.05038022813688215 0.25345309226352136
30 0.7965779467680608 0.38017963839528207 0.04942965779467684 0.23395670055094278
31 0.8512357414448669 0.3639326453014665 0.05228136882129277 0.2209591060758904
32 0.9049429657794675 0.3606832466827035 0.05323193916349808 0.22745790331341656
37 0.0879277566539924 0.6450056258244743 0.05228136882129278 0.24370489640723206
38 0.1435361216730038 0.6531291223713819 0.05133079847908746 0.21446030883836428
39 0.19771863117870722 0.6515044230620005 0.04942965779467677 0.23070730193217975
40 0.248574144486692 0.6547538216807635 0.04847908745247146 0.23720609916970595
41 0.3051330798479087 0.6515044230620003 0.051330798479087426 0.2372060991697059
42 0.3593155893536122 0.6612526189182897 0.05133079847908746 0.2502036936447583
6 0.41539923954372626 0.6677514161558159 0.05133079847908746 0.276198882594863
7 0.4672053231939164 0.6580032202995266 0.04277566539923953 0.24370489640723214
8 0.5237642585551331 0.6612526189182897 0.05133079847908746 0.28919647706991547
9 0.5779467680608366 0.6433809265150927 0.05323193916349794 0.24695429502599517
10 0.6335551330798479 0.6417562272057111 0.05038022813688208 0.243704896407232
11 0.6858365019011408 0.6433809265150927 0.04847908745247153 0.22745790331341653
12 0.7414448669201522 0.6596279196089082 0.04942965779467684 0.2534530922635214
13 0.7946768060836501 0.6628773182276713 0.04752851711026622 0.25995188950104764
14 0.8517110266159696 0.6661267168464343 0.0551330798479087 0.31844106463878336
15 0.905893536121673 0.6596279196089081 0.04562737642585546 0.24695429502599517
