17 0.0879277566539924 0.3606832466827035 0.05228136882129278 0.22095910607589045
18 0.14258555133079848 0.36880674322961127 0.049429657794676805 0.2437048964072321
19 0.19581749049429656 0.3688067432296112 0.04942965779467684 0.2307073019321797
20 0.24952471482889735 0.3606832466827035 0.04847908745247146 0.24695429502599517
21 0.30465779467680604 0.3558091487545589 0.048479087452471495 0.23070730193217973
22 0.35836501901140677 0.3606832466827035 0.04752851711026615 0.22095910607589045
23 0.41730038022813687 0.3671820439202297 0.05133079847908746 0.22745790331341667
24 0.47243346007604564 0.3720561418483743 0.04942965779467684 0.23720609916970595
25 0.5261406844106464 0.3460609528982696 0.03897338403041815 0.29569527430744164
26 0.5784220532319392 0.362307945992085 0.04847908745247146 0.28919647706991536
27 0.6307034220532318 0.36880674322961127 0.05228136882129284 0.2437048964072321
28 0.6863117870722434 0.3720561418483744 0.05133079847908746 0.2437048964072321
29 0.7442965779467682 0.3606832466827035 0.04752851711026622 0.240455497788469
30 0.7961026615969581 0.3655573446108481 0.04847908745247153 0.24370489640723206
31 0.8493346007604563 0.36555734461084816 0.04467680608365015 0.2502036936447583
32 0.9030418250950569 0.38017963839528207 0.05323193916349808 0.23395670055094278
37 0.0865019011406844 0.6645020175370528 0.0494296577946768 0.2632012881198108
38 0.14211026615969582 0.6531291223713819 0.048479087452471495 0.24045549778846906
39 0.19534220532319396 0.6498797237526189 0.050380228136882116 0.23395670055094286
40 0.2519011406844106 0.656378520990145 0.05513307984790874 0.2729494839760999
41 0.3070342205323194 0.656378520990145 0.04942965779467677 0.2534530922635213
42 0.3607414448669201 0.656378520990145 0.05228136882129277 0.2729494839760999
6 0.4158745247148289 0.6628773182276713 0.05228136882129277 0.24695429502599517
7 0.4672053231939164 0.6693761154651975 0.04467680608365022 0.24695429502599522
8 0.5237642585551332 0.6628773182276714 0.05513307984790877 0.24045549778846906
9 0.5798479087452472 0.6401315278963295 0.04372623574144484 0.23395670055094273
10 0.6326045627376427 0.6515044230620005 0.05418250950570354 0.22420850469465342
11 0.6886882129277566 0.6596279196089082 0.05038022813688215 0.22745790331341667
12 0.7423954372623576 0.6596279196089081 0.04752851711026622 0.24695429502599517
13 0.7951520912547528 0.6515044230620005 0.05228136882129277 0.27619888259486297
14 0.8502851711026617 0.6628773182276713 0.05228136882129277 0.279448281213626
15 0.9044676806083649 0.6580032202995266 0.04657794676806091 0.23070730193217975
