0 0.3678707224334601 0.33650190114068446 0.05323193916349808 0.26478838122545656
1 0.6430608365019012 0.32133173346630933 0.05608365019011416 0.21789877205011535
2 0.7024714828897339 0.33650190114068446 0.04942965779467684 0.18204201209250143
4 0.8635931558935361 0.40131989029483267 0.027566539923954282 0.06895530761079599
24 0.08555133079847907 0.6178395561927321 0.06463878326996197 0.2647883812254566
25 0.14543726235741444 0.619218662344948 0.032319391634980994 0.24548089509443372
26 0.20009505703422054 0.619218662344948 0.04847908745247146 0.24548089509443372
27 0.2538022813688213 0.6150813438883003 0.05513307984790877 0.22617340896341076
28 0.3113117870722434 0.6178395561927321 0.05418250950570343 0.22617340896341087
29 0.369296577946768 0.6109440254316525 0.05418250950570346 0.25099731970329736
30 0.42538022813688214 0.6123231315838684 0.05418250950570346 0.2206569843545472
31 0.48051330798479086 0.6123231315838684 0.05228136882129284 0.20962413513681993
32 0.5356463878326996 0.6123231315838684 0.04847908745247153 0.23720625818113816
33 0.5903041825095057 0.6150813438883003 0.05323193916349808 0.23720625818113816
34 0.6468631178707224 0.6137022377360843 0.05418250950570346 0.23996447048557001
35 0.7034220532319392 0.5930156454528455 0.0551330798479087 0.22617340896341084
36 0.7580798479087453 0.5874992208439818 0.04467680608365015 0.24272268279000195
37 0.814638783269962 0.5957738577572773 0.05513307984790885 0.24272268279000195
38 0.8711977186311788 0.5847410085395499 0.04847908745247153 0.20962413513681974
39 0.9277566539923956 0.5847410085395499 0.05323193916349808 0.23720625818113825
5 0.9244296577946767 0.3185735211618775 0.056083650190114014 0.19583307361466065
3 0.811787072243346 0.32408994577074113 0.058935361216730084 0.07998815682852335
