17 0.0865019011406844 0.3606832466827035 0.0532319391634981 0.2729494839760999
18 0.14211026615969582 0.3574338480639404 0.048479087452471495 0.2534530922635213
19 0.19676806083650192 0.3623079459920851 0.05703422053231943 0.2567024908822845
20 0.25332699619771865 0.35905854737332193 0.05228136882129277 0.25020369364475825
21 0.3065589353612167 0.3639326453014666 0.04847908745247146 0.24695429502599514
22 0.36121673003802285 0.3606832466827035 0.05133079847908739 0.22745790331341656
23 0.4149239543726236 0.3639326453014666 0.05228136882129277 0.22745790331341664
24 0.4686311787072243 0.38017963839528207 0.05323193916349808 0.2469542950259952
25 0.5247148288973383 0.3671820439202297 0.04182509505703415 0.24695429502599522
26 0.5788973384030419 0.359058547373322 0.04942965779467677 0.23720609916970592
27 0.6326045627376427 0.3655573446108481 0.05418250950570354 0.24370489640723206
28 0.6858365019011408 0.3606832466827035 0.044676806083650294 0.24695429502599517
29 0.7400190114068441 0.36880674322961127 0.05228136882129292 0.2437048964072321
30 0.7942015209125475 0.3671820439202297 0.05228136882129277 0.24045549778846895
31 0.8502851711026617 0.3639326453014665 0.04657794676806077 0.24045549778846897
32 0.9039923954372624 0.3736808411577559 0.05323193916349823 0.2664506867385737
37 0.08507604562737642 0.6742502133933422 0.05418250950570342 0.24370489640723222
38 0.14306083650190116 0.6677514161558159 0.04847908745247148 0.2372060991697059
39 0.19581749049429661 0.6645020175370528 0.051330798479087426 0.24370489640723214
40 0.25427756653992395 0.6612526189182898 0.05228136882129274 0.276198882594863
41 0.3065589353612167 0.6645020175370528 0.04847908745247146 0.2502036936447582
42 0.3602661596958175 0.6726255140839605 0.04752851711026622 0.2729494839760999
6 0.41444866920152096 0.6580032202995266 0.04942965779467677 0.2567024908822845
7 0.4667300380228137 0.6466303251338559 0.03231939163498097 0.2599518895010477
8 0.5232889733840305 0.6596279196089081 0.05798479087452477 0.22745790331341656
9 0.5798479087452472 0.6515044230620005 0.04752851711026615 0.23070730193217975
10 0.6340304182509506 0.6515044230620003 0.04562737642585553 0.2372060991697059
11 0.6858365019011408 0.6661267168464344 0.05228136882129263 0.2599518895010477
12 0.7414448669201522 0.6628773182276713 0.04752851711026622 0.24045549778846897
13 0.7937262357414449 0.6628773182276714 0.04562737642585546 0.2664506867385738
14 0.8483840304182511 0.6677514161558159 0.05418250950570339 0.276198882594863
15 0.9054182509505705 0.6531291223713821 0.05038022813688215 0.24695429502599522
