17 0.0865019011406844 0.3574338480639404 0.05513307984790876 0.25995188950104753
18 0.1435361216730038 0.3606832466827035 0.05323193916349812 0.26645068673857375
19 0.19866920152091253 0.3574338480639404 0.04752851711026615 0.25995188950104753
20 0.2523764258555133 0.3655573446108481 0.04847908745247146 0.2632012881198106
21 0.3060836501901141 0.3655573446108481 0.04372623574144484 0.24370489640723206
22 0.35788973384030415 0.3606832466827035 0.05228136882129284 0.240455497788469
23 0.4139733840304183 0.3558091487545589 0.05418250950570346 0.2437048964072321
24 0.4714828897338403 0.3623079459920851 0.05513307984790877 0.2567024908822845
25 0.5213878326996197 0.3574338480639404 0.038973384030418286 0.2534530922635213
26 0.5717680608365019 0.3558091487545589 0.05418250950570332 0.23070730193217973
27 0.6321292775665399 0.3753055404671375 0.04752851711026615 0.2502036936447583
28 0.686787072243346 0.3606832466827035 0.05228136882129292 0.2599518895010476
29 0.7423954372623576 0.359058547373322 0.05133079847908746 0.21770970745712734
30 0.7975285171102661 0.3671820439202297 0.05323193916349808 0.22095910607589045
31 0.8526615969581749 0.36880674322961127 0.04562737642585546 0.22420850469465353
32 0.9035171102661596 0.3623079459920851 0.05038022813688215 0.2567024908822845
37 0.08412547528517111 0.6466303251338559 0.05228136882129278 0.2599518895010477
38 0.14258555133079848 0.6498797237526189 0.0532319391634981 0.23395670055094286
39 0.19629277566539924 0.6515044230620005 0.05038022813688215 0.2502036936447584
40 0.251425855513308 0.6596279196089082 0.05228136882129274 0.2534530922635214
41 0.306083650190114 0.656378520990145 0.051330798479087426 0.2729494839760999
42 0.36026615969581754 0.6645020175370528 0.04942965779467677 0.3021940715449677
6 0.41444866920152096 0.6498797237526189 0.04942965779467677 0.25995188950104753
7 0.4667300380228137 0.6482550244432373 0.036121673003802285 0.2826976798323892
8 0.5232889733840304 0.6450056258244743 0.057984790874524704 0.2502036936447582
9 0.5803231939163498 0.6433809265150927 0.05038022813688215 0.25995188950104753
10 0.6354562737642585 0.6628773182276713 0.04657794676806077 0.25995188950104764
11 0.6872623574144486 0.6450056258244743 0.0494296577946767 0.24370489640723206
12 0.7409695817490496 0.6596279196089082 0.05038022813688215 0.27294948397609997
13 0.7956273764258555 0.656378520990145 0.05133079847908746 0.26645068673857364
14 0.8507604562737643 0.656378520990145 0.05133079847908746 0.25995188950104764
15 0.9068441064638785 0.6515044230620005 0.04752851711026622 0.23070730193217975
