0 0.36787072243346003 0.32822726422738896 0.058935361216730014 0.23168983357227455
1 0.6468631178707224 0.3323645826840367 0.0522813688212927 0.17928379978806955
2 0.7024714828897339 0.3323645826840367 0.04752851711026622 0.17928379978806955
4 0.8645437262357415 0.39718257183818495 0.0294676806083649 0.09377921835068256
5 0.9263307984790875 0.30754067194415013 0.05418250950570354 0.2289316212678427
3 0.8079847908745248 0.32271083961852526 0.06653992395437257 0.07171351991522787
24 0.08222433460076045 0.6081858131272206 0.06558935361216729 0.25651374431216106
25 0.14401140684410646 0.6219768746493799 0.044676806083650204 0.2509973197032974
26 0.19866920152091253 0.619218662344948 0.05323193916349812 0.2344480458767063
27 0.25570342205323193 0.6261141931060276 0.051330798479087496 0.25927195661659286
28 0.311787072243346 0.6261141931060277 0.051330798479087496 0.25375553200772927
29 0.3688212927756654 0.619218662344948 0.0551330798479087 0.2344480458767063
30 0.4249049429657795 0.6137022377360843 0.05133079847908746 0.2509973197032974
31 0.4809885931558935 0.6150813438883003 0.05513307984790877 0.22617340896341076
32 0.535171102661597 0.5999111762139252 0.04752851711026615 0.2289316212678427
33 0.5922053231939164 0.6095649192794366 0.05323193916349808 0.2151405597456835
34 0.6487642585551331 0.6123231315838684 0.05418250950570339 0.23720625818113816
35 0.7038973384030419 0.6068067069750047 0.05228136882129277 0.2151405597456835
36 0.7580798479087452 0.5943947516050615 0.04657794676806091 0.2178987720501153
37 0.8113117870722434 0.6040484946705729 0.05418250950570354 0.23720625818113825
38 0.8711977186311788 0.601290282366141 0.05038022813688215 0.24823910739886565
39 0.9277566539923954 0.5999111762139251 0.05133079847908761 0.23996447048557001
