17 0.0855513307984791 0.38180433770466365 0.0532319391634981 0.25670249088228453
18 0.14163498098859315 0.3753055404671374 0.05323193916349808 0.26320128811981064
19 0.19819391634980987 0.3720561418483744 0.04657794676806084 0.2437048964072321
20 0.251425855513308 0.3753055404671374 0.050380228136882116 0.26320128811981064
21 0.30655893536121676 0.36555734461084816 0.052281368821292806 0.2502036936447583
22 0.3607414448669201 0.3623079459920851 0.04847908745247153 0.23720609916970595
23 0.4139733840304183 0.3606832466827035 0.05038022813688208 0.23395670055094286
24 0.4695817490494296 0.35905854737332193 0.05323193916349815 0.24370489640723214
25 0.5223384030418251 0.3606832466827035 0.04087452471482891 0.23395670055094286
26 0.5765209125475286 0.38180433770466365 0.05038022813688201 0.2632012881198107
27 0.6330798479087452 0.3785549390859005 0.057034220532319393 0.2567024908822844
28 0.6886882129277566 0.3655573446108481 0.05038022813688215 0.23720609916970584
29 0.7433460076045628 0.3688067432296112 0.05133079847908746 0.23720609916970584
30 0.7961026615969581 0.3736808411577559 0.04847908745247153 0.22745790331341656
31 0.8507604562737643 0.37693023977651896 0.04942965779467684 0.2339567005509428
32 0.9039923954372624 0.3606832466827035 0.05703422053231946 0.2534530922635213
37 0.08697718631178708 0.6710008147745791 0.05418250950570343 0.22420850469465342
38 0.14068441064638784 0.6515044230620005 0.04942965779467679 0.22420850469465342
39 0.19486692015209126 0.6417562272057111 0.05133079847908746 0.2372060991697059
40 0.252851711026616 0.6596279196089081 0.051330798479087496 0.24695429502599517
41 0.3079847908745247 0.6515044230620005 0.05133079847908746 0.22420850469465342
42 0.36311787072243346 0.6661267168464343 0.04942965779467677 0.27294948397609986
6 0.4139733840304183 0.6693761154651975 0.04847908745247146 0.27294948397609997
7 0.4653041825095057 0.6677514161558159 0.038973384030418216 0.2632012881198107
8 0.5228136882129277 0.6580032202995266 0.05323193916349801 0.28919647706991536
9 0.5784220532319392 0.649879723752619 0.04847908745247146 0.2534530922635214
10 0.6307034220532319 0.6596279196089082 0.04657794676806091 0.2534530922635214
11 0.688212927756654 0.6612526189182898 0.05513307984790885 0.26970008535733697
12 0.7442965779467682 0.6628773182276713 0.04752851711026622 0.25995188950104764
13 0.7951520912547528 0.6466303251338559 0.04657794676806091 0.22745790331341667
14 0.8488593155893537 0.649879723752619 0.0551330798479087 0.2534530922635214
15 0.905893536121673 0.6450056258244742 0.05133079847908732 0.21770970745712728
