0 0.36739543726235735 0.3392601134451162 0.057984790874524704 0.2592719566165929
2 0.7019961977186313 0.32684815807517303 0.05038022813688215 0.16825095057034223
1 0.6444866920152091 0.33098547653182075 0.05513307984790885 0.15445988904818309
5 0.9234790874524714 0.3116779904007979 0.057984790874524635 0.20410771052795618
3 0.813212927756654 0.3240899457707412 0.06368821292775664 0.06895530761079602
4 0.8640684410646388 0.40131989029483267 0.02661596958174897 0.07998815682852331
24 0.08602661596958175 0.6302515115626753 0.057984790874524704 0.2509973197032973
25 0.14306083650190116 0.6219768746493799 0.04657794676806084 0.23996447048557001
26 0.19819391634980987 0.6219768746493799 0.050380228136882116 0.2344480458767063
27 0.2566539923954373 0.6261141931060276 0.05513307984790877 0.2316898335722746
28 0.3122623574144487 0.6330097238671072 0.04657794676806091 0.256513744312161
29 0.36787072243346003 0.617839556192732 0.057034220532319393 0.2206569843545472
30 0.42538022813688214 0.6095649192794366 0.05608365019011408 0.2592719566165929
31 0.48146387832699616 0.6219768746493799 0.04847908745247146 0.2620301689210248
32 0.533745247148289 0.619218662344948 0.05418250950570332 0.2344480458767063
33 0.5903041825095058 0.6137022377360843 0.05133079847908753 0.22341519665897905
34 0.6468631178707224 0.6109440254316525 0.05038022813688215 0.24548089509443372
35 0.7038973384030419 0.6040484946705729 0.05038022813688215 0.2206569843545472
36 0.7576045627376424 0.6026693885183569 0.0456273764258556 0.22341519665897905
37 0.8113117870722434 0.6040484946705729 0.05228136882129277 0.2482391073988655
38 0.872148288973384 0.5999111762139252 0.05038022813688215 0.2454808950944338
39 0.9291825095057036 0.5999111762139252 0.05228136882129277 0.2289316212678427
