32 0.12989452867501647 0.45945945945945943 0.05995132092693071 0.19459459459459452
8 0.27929702685800245 0.44189189189189193 0.04853202170275342 0.19189189189189185
39 0.3273532444264151 0.4243243243243244 0.04948362997143484 0.19999999999999993
35 0.3758852661291685 0.4175675675675676 0.04567719689670916 0.20270270270270274
16 0.4239414836975813 0.41081081081081083 0.05424167131484204 0.14594594594594595
13 0.5138684650879773 0.39189189189189194 0.07612866149451519 0.2162162162162162
4 0.5666827239997972 0.4 0.025693423254398908 0.1783783783783784
13 0.6114083126278248 0.3783783783783784 0.05233845477747927 0.19459459459459463
15 0.6623193550022819 0.3716216216216216 0.04758041343407186 0.19729729729729736
27 0.7122787891080574 0.3608108108108108 0.048532021702753385 0.1918918918918919
8 0.7612866149451516 0.3581081081081081 0.045677196896708946 0.2081081081081081
11 0.8079154201105418 0.34189189189189195 0.049483629971434906 0.1972972972972973
19 0.8597780707536805 0.33513513513513515 0.059951320926930694 0.21621621621621626
35 0.13322515761540152 0.6918918918918919 0.060902929195612146 0.20540540540540533
9 0.188418437198925 0.6864864864864865 0.05138684650879771 0.20540540540540542
13 0.2345714382299748 0.6756756756756757 0.046628805165390544 0.19459459459459452
6 0.2850066764700911 0.6770270270270271 0.04853202170275339 0.20810810810810793
26 0.33591771884454813 0.6648648648648648 0.05329006304616066 0.21081081081081088
7 0.4253688961006034 0.6527027027027027 0.04377398035934618 0.23513513513513523
11 0.47675574260940123 0.6297297297297297 0.05138684650879775 0.19999999999999993
15 0.5357554552676504 0.6270270270270271 0.06661257880770066 0.20000000000000015
35 0.6175937663742532 0.6054054054054054 0.047580413434071954 0.19459459459459452
6 0.6694564170173927 0.6 0.046628805165390474 0.2
9 0.7189400469888275 0.5864864864864865 0.048532021702753385 0.2108108108108108
32 0.809818636647905 0.5743243243243243 0.05519327958352349 0.20270270270270266
35 0.8626328955597248 0.5621621621621622 0.0523384547774792 0.20540540540540533
