17 0.0855513307984791 0.35905854737332193 0.055133079847908745 0.276198882594863
18 0.1411596958174905 0.3688067432296112 0.05418250950570339 0.2567024908822844
19 0.19866920152091253 0.3688067432296112 0.04752851711026615 0.2567024908822844
20 0.2509505703422053 0.38180433770466365 0.04752851711026615 0.2761988825948631
21 0.3041825095057034 0.3688067432296112 0.0551330798479087 0.2567024908822844
22 0.36264258555133083 0.38017963839528207 0.05228136882129284 0.2729494839760999
23 0.41730038022813687 0.3525597501357957 0.05133079847908746 0.22420850469465348
24 0.4710076045627376 0.3606832466827035 0.05418250950570339 0.24695429502599517
25 0.5247148288973383 0.3558091487545589 0.038022813688212906 0.2502036936447583
26 0.579847908745247 0.3493103515170327 0.04942965779467677 0.25670249088228453
27 0.6311787072243346 0.3574338480639404 0.05133079847908746 0.2469542950259952
28 0.6872623574144486 0.3574338480639404 0.05323193916349808 0.2794482812136261
29 0.7442965779467682 0.3720561418483743 0.05323193916349808 0.2697000853573368
30 0.7975285171102661 0.36555734461084816 0.04942965779467684 0.2502036936447583
31 0.8507604562737643 0.35905854737332193 0.0456273764258556 0.24370489640723214
32 0.9049429657794676 0.3639326453014665 0.0494296577946767 0.24045549778846897
37 0.0865019011406844 0.6498797237526189 0.05703422053231939 0.23395670055094286
38 0.14258555133079848 0.6531291223713819 0.0532319391634981 0.23395670055094278
39 0.19724334600760457 0.656378520990145 0.052281368821292806 0.24695429502599522
40 0.2519011406844106 0.6531291223713819 0.051330798479087426 0.24045549778846906
41 0.3051330798479088 0.656378520990145 0.049429657794676875 0.24695429502599522
42 0.3612167300380228 0.6515044230620005 0.05323193916349808 0.2567024908822845
6 0.41634980988593157 0.6580032202995266 0.04942965779467684 0.26320128811981064
7 0.469106463878327 0.6531291223713819 0.04087452471482891 0.2599518895010475
8 0.5237642585551332 0.6482550244432373 0.05513307984790877 0.26970008535733675
9 0.5807984790874525 0.6401315278963297 0.04942965779467677 0.24045549778846897
10 0.6330798479087453 0.6417562272057111 0.04752851711026615 0.21770970745712745
11 0.688212927756654 0.656378520990145 0.05513307984790885 0.2534530922635213
12 0.7404942965779467 0.6385068285869481 0.04182509505703422 0.2177097074571273
13 0.7942015209125475 0.6417562272057111 0.05038022813688201 0.243704896407232
14 0.8493346007604563 0.6368821292775665 0.04657794676806091 0.22095910607589048
15 0.9077946768060837 0.6547538216807635 0.04942965779467684 0.23720609916970595
