17 0.0865019011406844 0.359058547373322 0.051330798479087454 0.2632012881198107
18 0.1411596958174905 0.3655573446108481 0.05228136882129277 0.25670249088228453
19 0.19724334600760457 0.3736808411577559 0.052281368821292806 0.2339567005509428
20 0.2509505703422053 0.3736808411577559 0.045627376425855494 0.2534530922635214
21 0.3051330798479087 0.3639326453014665 0.05323193916349801 0.24045549778846897
22 0.3602661596958175 0.3671820439202297 0.04752851711026622 0.24045549778846895
23 0.41634980988593157 0.3541844494451773 0.04562737642585553 0.26645068673857375
24 0.4710076045627376 0.35905854737332193 0.05418250950570339 0.21121091021960112
25 0.5228136882129277 0.3606832466827035 0.039923954372623596 0.2534530922635213
26 0.5755703422053231 0.3655573446108481 0.05228136882129277 0.23720609916970584
27 0.6311787072243346 0.3606832466827035 0.05133079847908746 0.2729494839760999
28 0.685361216730038 0.362307945992085 0.04942965779467684 0.25020369364475825
29 0.7404942965779467 0.3720561418483743 0.04752851711026608 0.25670249088228453
30 0.7965779467680608 0.3606832466827035 0.04942965779467684 0.24695429502599517
31 0.8493346007604563 0.3688067432296112 0.04847908745247153 0.23720609916970584
32 0.9011406844106463 0.3688067432296112 0.05323193916349808 0.2567024908822844
37 0.0855513307984791 0.6677514161558159 0.0532319391634981 0.24370489640723206
38 0.1435361216730038 0.6466303251338558 0.04942965779467679 0.2209591060758904
39 0.19581749049429656 0.6531291223713819 0.04752851711026615 0.2209591060758904
40 0.25 0.6628773182276713 0.05323193916349808 0.25995188950104764
41 0.3046577946768061 0.6645020175370528 0.0522813688212927 0.25670249088228453
42 0.3607414448669201 0.6677514161558159 0.05418250950570339 0.2632012881198107
6 0.4158745247148289 0.649879723752619 0.04657794676806084 0.2534530922635214
7 0.4657794676806084 0.6433809265150927 0.036121673003802285 0.2664506867385738
8 0.5199619771863118 0.6580032202995266 0.05513307984790877 0.2567024908822845
9 0.5760456273764258 0.6531291223713819 0.04562737642585546 0.24045549778846906
10 0.6297528517110266 0.6547538216807637 0.04847908745247153 0.22420850469465367
11 0.686787072243346 0.6531291223713819 0.05038022813688215 0.23395670055094278
12 0.7419201520912548 0.6515044230620005 0.04657794676806091 0.23070730193217975
13 0.7956273764258555 0.6466303251338559 0.04752851711026608 0.24045549778846906
14 0.8488593155893537 0.6433809265150927 0.04942965779467684 0.22745790331341653
15 0.9049429657794675 0.6417562272057111 0.05323193916349808 0.2307073019321797
