0 0.3640684410646388 0.32822726422738896 0.06463878326996202 0.23168983357227455
1 0.6473384030418251 0.3309854765318208 0.05323193916349815 0.1654927382659104
2 0.7015209125475285 0.32684815807517303 0.04562737642585546 0.17928379978806966
4 0.8631178707224335 0.39718257183818495 0.02661596958174897 0.07722994452409146
5 0.9206273764258555 0.30891977809636606 0.057984790874524635 0.20410771052795615
24 0.08697718631178708 0.6178395561927321 0.06749049429657795 0.25375553200772927
25 0.14591254752851712 0.6164604500405162 0.04277566539923955 0.24548089509443372
26 0.2010456273764259 0.6219768746493799 0.050380228136882116 0.23996447048557001
27 0.25760456273764265 0.6205977684971639 0.05323193916349812 0.2261734089634109
28 0.3127376425855513 0.6233559808015957 0.04942965779467684 0.2261734089634109
29 0.36882129277566533 0.6109440254316525 0.05323193916349815 0.22341519665897905
30 0.4249049429657795 0.6123231315838684 0.05323193916349815 0.2206569843545472
31 0.48193916349809884 0.6123231315838684 0.05323193916349815 0.2537555320077292
32 0.5361216730038023 0.6150813438883003 0.04752851711026615 0.23720625818113816
33 0.591254752851711 0.617839556192732 0.06083650190114078 0.22617340896341087
34 0.6487642585551331 0.6095649192794366 0.05228136882129284 0.23720625818113816
35 0.7019961977186311 0.6095649192794366 0.054182509505703254 0.24823910739886557
36 0.7595057034220531 0.601290282366141 0.04942965779467684 0.24272268279000195
37 0.81606463878327 0.6164604500405162 0.05228136882129277 0.26754659352988847
38 0.8683460076045628 0.5999111762139251 0.05228136882129292 0.23996447048557004
39 0.9291825095057036 0.6026693885183569 0.056083650190114014 0.25099731970329736
