17 0.08697718631178708 0.3655573446108481 0.05038022813688212 0.2632012881198106
18 0.14211026615969582 0.3671820439202297 0.048479087452471495 0.26645068673857375
19 0.19819391634980987 0.3704314425389928 0.05418250950570346 0.2599518895010476
20 0.2509505703422053 0.3623079459920851 0.04752851711026615 0.23720609916970595
21 0.3046577946768061 0.3606832466827035 0.050380228136882185 0.22745790331341656
22 0.3602661596958175 0.3655573446108481 0.04752851711026622 0.23720609916970584
23 0.41444866920152096 0.3671820439202297 0.05323193916349815 0.23395670055094275
24 0.4714828897338403 0.3753055404671375 0.057034220532319393 0.2502036936447583
25 0.5232889733840304 0.3720561418483743 0.04087452471482891 0.21770970745712737
26 0.5769961977186312 0.3720561418483743 0.04752851711026622 0.25670249088228453
27 0.6297528517110266 0.37043144253899274 0.05038022813688223 0.23395670055094278
28 0.6858365019011408 0.3671820439202297 0.05418250950570354 0.2534530922635214
29 0.7438212927756654 0.3720561418483744 0.05228136882129277 0.2437048964072321
30 0.7970532319391634 0.36555734461084816 0.05038022813688215 0.23070730193217973
31 0.8502851711026617 0.37693023977651896 0.04847908745247153 0.25995188950104753
32 0.9063688212927755 0.3736808411577559 0.05038022813688215 0.24695429502599514
37 0.08460076045627377 0.6677514161558159 0.05513307984790874 0.2632012881198107
38 0.14211026615969582 0.6450056258244743 0.048479087452471495 0.2372060991697059
39 0.19676806083650192 0.656378520990145 0.049429657794676805 0.24695429502599522
40 0.2523764258555133 0.6515044230620005 0.050380228136882116 0.23070730193217975
41 0.3060836501901141 0.6498797237526189 0.049429657794676736 0.2209591060758904
42 0.3597908745247148 0.6596279196089082 0.05418250950570339 0.2599518895010475
6 0.41539923954372626 0.6596279196089082 0.04752851711026615 0.2534530922635214
7 0.4672053231939164 0.6547538216807635 0.03136882129277566 0.25020369364475825
8 0.5247148288973384 0.6612526189182897 0.05133079847908746 0.28269767983238914
9 0.5750950570342205 0.6515044230620005 0.04372623574144484 0.2632012881198106
10 0.6330798479087452 0.6547538216807635 0.05133079847908746 0.24370489640723222
11 0.6858365019011408 0.6547538216807635 0.05038022813688215 0.2567024908822845
12 0.7400190114068441 0.656378520990145 0.04657794676806077 0.26645068673857364
13 0.7932509505703422 0.6628773182276713 0.04847908745247139 0.2859470784511523
14 0.8469581749049431 0.6612526189182898 0.05323193916349808 0.26970008535733697
15 0.9039923954372624 0.6645020175370528 0.05323193916349823 0.25670249088228453
