0 0.36644486692015205 0.3323645826840367 0.061787072243345946 0.25099731970329736
1 0.6487642585551331 0.3323645826840367 0.05038022813688215 0.22893162126784264
2 0.7015209125475285 0.3392601134451162 0.04752851711026608 0.21514055974568347
4 0.8645437262357415 0.39166614722932125 0.019961977186311798 0.09929564295954627
3 0.8122623574144486 0.3199526273140934 0.056083650190114014 0.07171351991522787
5 0.9215779467680608 0.3116779904007979 0.0655893536121674 0.20962413513681985
24 0.08317490494296578 0.6164604500405162 0.0655893536121673 0.26754659352988847
25 0.14638783269961977 0.620597768497164 0.045627376425855515 0.25375553200772927
26 0.20247148288973385 0.6261141931060277 0.049429657794676805 0.24823910739886557
27 0.2585551330798479 0.6261141931060276 0.0551330798479087 0.2372062581811383
28 0.3136882129277566 0.6274932992582435 0.05133079847908746 0.2620301689210247
29 0.37024714828897337 0.6219768746493798 0.05038022813688215 0.21789877205011535
30 0.4249049429657795 0.6137022377360843 0.057034220532319393 0.23996447048557001
31 0.47956273764258556 0.6081858131272206 0.04847908745247146 0.2344480458767063
32 0.5356463878326996 0.6164604500405162 0.05228136882129277 0.2344480458767063
33 0.5936311787072244 0.6095649192794366 0.05228136882129277 0.2206569843545472
34 0.6478136882129277 0.6164604500405162 0.05228136882129277 0.24548089509443372
35 0.7024714828897339 0.5999111762139251 0.04942965779467684 0.21789877205011535
36 0.7571292775665398 0.5943947516050615 0.04847908745247153 0.2289316212678427
37 0.8155893536121672 0.5971529639094934 0.05133079847908746 0.223415196658979
38 0.8716730038022814 0.5916365393006296 0.05133079847908746 0.2344480458767064
39 0.9287072243346008 0.602669388518357 0.0551330798479087 0.2399644704855701
