32 0.12941872454067577 0.46486486486486484 0.06280614573297502 0.23783783783783782
8 0.2773938103206396 0.4378378378378378 0.052338454777479095 0.2108108108108108
39 0.32782904856075584 0.427027027027027 0.04282237209066473 0.1729729729729729
7 0.37683687439785 0.4283783783783784 0.04187076382198335 0.1972972972972972
16 0.42679630850362554 0.422972972972973 0.0523384547774792 0.11621621621621628
13 0.5167232898940216 0.3945945945945946 0.058999712658249236 0.2
4 0.5657311157311158 0.45270270270270274 0.027596639791761746 0.08918918918918926
13 0.6099809002248027 0.377027027027027 0.05329006304616058 0.19729729729729736
15 0.6637467674053039 0.37432432432432433 0.04662880516539061 0.1972972972972973
27 0.7141820056454203 0.3675675675675676 0.048532021702753524 0.22162162162162166
8 0.7627140273481737 0.3635135135135135 0.04091915555330175 0.20270270270270277
11 0.8064880077075199 0.3554054054054054 0.044725588628027564 0.2081081081081081
19 0.8573990500819769 0.33513513513513515 0.05329006304616058 0.19459459459459463
35 0.13465257001842368 0.6918918918918919 0.05804810438956784 0.20540540540540533
9 0.18794263306458428 0.6824324324324325 0.05043523824011629 0.20270270270270266
13 0.23552304649865627 0.6743243243243243 0.04472558862802764 0.21351351351351355
6 0.28595828473877255 0.6716216216216216 0.048532021702753385 0.19729729729729734
26 0.3392483477849331 0.6527027027027026 0.056144887852204874 0.19729729729729725
7 0.4291753291753291 0.645945945945946 0.03996754728462044 0.20540540540540547
11 0.47627993847506045 0.6378378378378378 0.05233845477747927 0.20540540540540542
15 0.5281425891181989 0.6283783783783784 0.04758041343407207 0.20810810810810815
7 0.6180695705085949 0.6067567567567567 0.04282237209066487 0.20270270270270274
6 0.6675532004800298 0.591891891891892 0.046628805165390474 0.18378378378378385
9 0.7189400469888275 0.5918918918918918 0.05424167131484211 0.17297297297297307
32 0.8088670283792234 0.5783783783783784 0.05519327958352349 0.19459459459459452
35 0.8616812872910434 0.5702702702702703 0.046628805165390474 0.1945945945945946
