32 0.13322515761540152 0.45945945945945943 0.057096496120886346 0.2108108108108108
8 0.2707325524398695 0.4432432432432432 0.06566097053901927 0.20540540540540533
39 0.3273532444264151 0.45270270270270274 0.047580413434072 0.23513513513513515
7 0.37731267853219075 0.41891891891891886 0.04091915555330189 0.21081081081081074
16 0.4258447002349442 0.4202702702702703 0.05424167131484204 0.13783783783783782
13 0.5138684650879773 0.3932432432432432 0.058999712658249236 0.20810810810810815
4 0.565255311596775 0.44189189189189193 0.022838598448354546 0.0945945945945946
13 0.6142631374338692 0.377027027027027 0.04662880516539061 0.20270270270270271
15 0.6661257880770076 0.3783783783783784 0.04377398035934618 0.20540540540540544
27 0.713230397376739 0.36486486486486486 0.048532021702753385 0.19459459459459463
8 0.7641414397511959 0.35270270270270276 0.04187076382198342 0.1972972972972973
11 0.8083912242448826 0.34189189189189184 0.04472558862802764 0.1810810810810811
19 0.8573990499715548 0.3378378378378378 0.05138684650879772 0.18378378378378402
35 0.13703159069012727 0.6891891891891891 0.053290063046160636 0.2162162162162162
9 0.18937004546760644 0.6864864864864865 0.047580413434072 0.20540540540540542
13 0.2364746547673377 0.6837837837837837 0.044725588628027675 0.20540540540540542
6 0.286909893007454 0.6621621621621623 0.05043523824011629 0.18918918918918926
26 0.33449030644152566 0.6675675675675672 0.04662880516539012 0.21081081081081052
7 0.4286995250409884 0.6432432432432432 0.04091915555330189 0.21081081081081096
11 0.47723154674374185 0.6351351351351351 0.05233845477747906 0.19459459459459466
15 0.5276667849838581 0.6270270270270271 0.04662880516539061 0.1891891891891892
7 0.621876003583321 0.6067567567567569 0.03901593901593841 0.19189189189189154
6 0.670408025286074 0.5986486486486488 0.04662880516539061 0.191891891891892
9 0.7198916552575089 0.595945945945946 0.05233845477747906 0.19729729729729734
32 0.8112460490509272 0.5702702702702703 0.0523384547774792 0.21081081081081074
35 0.864060307962747 0.5716216216216217 0.04567719689670909 0.21351351351351347
