32 0.12941872454067577 0.45 0.06661257880770076 0.2405405405405405
8 0.27644220205195813 0.43648648648648647 0.052338454777479164 0.19729729729729725
39 0.3297322650981187 0.4324324324324324 0.04853202170275335 0.2
7 0.3725546371887835 0.41891891891891886 0.037112722478576214 0.21621621621621614
16 0.42441728783192195 0.39189189189189194 0.06090292919561208 0.16216216216216217
13 0.5133926609536366 0.3797297297297297 0.0694674036137451 0.24594594594594593
4 0.5662069198654565 0.4445945945945946 0.024741814985717453 0.0891891891891892
13 0.6109325084934837 0.38648648648648654 0.06090292919561171 0.22702702702702704
15 0.6651741798083262 0.3837837837837838 0.04187076382198327 0.2
27 0.7113271808393758 0.3635135135135135 0.04662880516539061 0.20270270270270277
8 0.7617624190794924 0.35945945945945945 0.046628805165390474 0.21621621621621626
11 0.8083912242448826 0.35270270270270276 0.048532021702753385 0.22972972972972971
19 0.8545442252759327 0.33648648648648655 0.03996754728462051 0.2081081081081081
35 0.13370096174974225 0.6891891891891891 0.0580481043895678 0.1783783783783784
9 0.18603941652722142 0.6837837837837837 0.044725588628027675 0.2162162162162162
13 0.2364746547673377 0.6716216216216216 0.040919155553301924 0.19189189189189193
6 0.2854824806044318 0.6716216216216216 0.047580413434071926 0.18648648648648647
26 0.33496611057586667 0.6635135135135135 0.043773980359346217 0.20270270270270266
7 0.42774791677230695 0.6391891891891892 0.039015939015939055 0.20810810810810815
11 0.4743767219376976 0.6351351351351352 0.0428223720906648 0.20000000000000015
15 0.5271909808495175 0.6256756756756756 0.04948362997143484 0.21351351351351347
7 0.6204485911802985 0.5959459459459459 0.03996754728462037 0.18108108108108112
6 0.6694564170173927 0.6013513513513513 0.046628805165390474 0.191891891891892
9 0.7189400469888275 0.5864864864864865 0.04662880516539061 0.19999999999999993
32 0.8107702449165864 0.5756756756756758 0.05138684650879768 0.18918918918918926
35 0.8645361120970878 0.568918918918919 0.048532021702753385 0.19729729729729725
