17 0.0855513307984791 0.3671820439202297 0.0532319391634981 0.23395670055094275
18 0.14211026615969582 0.362307945992085 0.05608365019011408 0.28919647706991536
19 0.19819391634980987 0.35905854737332193 0.048479087452471495 0.24370489640723214
20 0.25237642585551334 0.3736808411577559 0.046577946768060874 0.2339567005509428
21 0.3060836501901141 0.3639326453014666 0.04752851711026622 0.22745790331341664
22 0.3588403041825095 0.3655573446108481 0.04657794676806077 0.24370489640723206
23 0.41444866920152096 0.3785549390859005 0.04942965779467677 0.2567024908822844
24 0.4710076045627376 0.38017963839528207 0.04847908745247146 0.2599518895010476
25 0.5251901140684411 0.359058547373322 0.04277566539923953 0.26970008535733686
26 0.5784220532319392 0.359058547373322 0.04847908745247146 0.23720609916970592
27 0.6326045627376427 0.3753055404671375 0.04657794676806084 0.2502036936447583
28 0.6858365019011408 0.37043144253899274 0.04847908745247153 0.23395670055094278
29 0.7404942965779469 0.37043144253899274 0.05133079847908746 0.23395670055094278
30 0.7965779467680608 0.3736808411577559 0.04752851711026622 0.24695429502599514
31 0.8488593155893537 0.3704314425389928 0.05133079847908746 0.240455497788469
32 0.9054182509505702 0.3753055404671375 0.05228136882129277 0.2567024908822845
37 0.08507604562737643 0.6661267168464343 0.05608365019011407 0.2664506867385738
38 0.14306083650190113 0.656378520990145 0.050380228136882116 0.22095910607589048
39 0.19819391634980987 0.6612526189182897 0.048479087452471495 0.23720609916970595
40 0.2504752851711027 0.6596279196089082 0.05038022813688215 0.2599518895010475
41 0.3046577946768061 0.6661267168464343 0.050380228136882185 0.24695429502599517
42 0.3593155893536122 0.6677514161558159 0.05323193916349808 0.2697000853573368
6 0.41444866920152096 0.6693761154651975 0.05133079847908746 0.279448281213626
7 0.4672053231939164 0.6645020175370528 0.04087452471482884 0.2697000853573368
8 0.5237642585551331 0.6645020175370527 0.05323193916349808 0.276198882594863
9 0.579847908745247 0.656378520990145 0.04942965779467677 0.2859470784511523
10 0.6326045627376427 0.6515044230620005 0.04467680608365015 0.2502036936447584
11 0.686787072243346 0.6742502133933422 0.05228136882129292 0.24370489640723222
12 0.7409695817490496 0.6547538216807635 0.05038022813688215 0.26320128811981064
13 0.7946768060836501 0.6498797237526189 0.05323193916349808 0.279448281213626
14 0.8531368821292776 0.6580032202995266 0.05038022813688215 0.2567024908822845
15 0.9054182509505702 0.6547538216807635 0.05228136882129277 0.23720609916970595
