17 0.08507604562737642 0.37043144253899274 0.04847908745247149 0.25345309226352136
18 0.1411596958174905 0.37693023977651896 0.05418250950570339 0.25995188950104753
19 0.19581749049429656 0.37855493908590054 0.04752851711026615 0.2437048964072321
20 0.2504752851711027 0.36880674322961127 0.04657794676806084 0.2437048964072321
21 0.3056083650190114 0.3671820439202297 0.04657794676806084 0.2534530922635214
22 0.35646387832699616 0.3509350508264142 0.04562737642585553 0.22095910607589045
23 0.41730038022813687 0.3606832466827035 0.0551330798479087 0.21446030883836428
24 0.47148288973384034 0.3688067432296112 0.04942965779467684 0.23720609916970584
25 0.5209125475285171 0.3574338480639404 0.04182509505703422 0.24045549778846906
26 0.5760456273764258 0.37043144253899274 0.05133079847908739 0.25345309226352136
27 0.6307034220532319 0.3639326453014666 0.05418250950570339 0.2534530922635214
28 0.6872623574144486 0.3655573446108481 0.05323193916349808 0.23720609916970584
29 0.7419201520912548 0.3639326453014665 0.05038022813688215 0.2209591060758904
30 0.7961026615969581 0.3623079459920851 0.04847908745247153 0.23070730193217973
31 0.8488593155893537 0.3606832466827035 0.05323193916349808 0.2534530922635213
32 0.9058935361216729 0.37693023977651896 0.057034220532319324 0.24045549778846895
37 0.0855513307984791 0.6580032202995266 0.05133079847908745 0.2697000853573368
38 0.1421102661596958 0.656378520990145 0.05228136882129276 0.22095910607589048
39 0.19676806083650192 0.6661267168464343 0.05513307984790874 0.24045549778846906
40 0.25522813688212925 0.6677514161558159 0.052281368821292806 0.2632012881198107
41 0.3070342205323194 0.649879723752619 0.051330798479087426 0.2534530922635214
42 0.36216730038022815 0.6612526189182898 0.05513307984790877 0.26970008535733697
6 0.41730038022813687 0.6547538216807635 0.04942965779467684 0.26320128811981064
7 0.4681558935361217 0.6580032202995266 0.04087452471482891 0.23720609916970595
8 0.5228136882129277 0.6580032202995266 0.058935361216730014 0.24370489640723214
9 0.5793726235741444 0.6515044230620003 0.04847908745247153 0.2372060991697059
10 0.6321292775665399 0.6482550244432373 0.04942965779467684 0.24370489640723206
11 0.6872623574144486 0.6498797237526189 0.05133079847908761 0.23395670055094286
12 0.7428707224334602 0.6466303251338559 0.05228136882129277 0.24695429502599509
13 0.7975285171102661 0.6482550244432373 0.04942965779467684 0.24370489640723206
14 0.8507604562737643 0.6531291223713819 0.04942965779467684 0.23395670055094278
15 0.9035171102661596 0.6596279196089082 0.04847908745247153 0.24045549778846897
