0 0.36644486692015205 0.33098547653182075 0.059885931558935394 0.23168983357227446
1 0.6435361216730038 0.32133173346630933 0.05513307984790877 0.18480022439693328
2 0.7029467680608366 0.32133173346630933 0.05418250950570339 0.19031664900579698
5 0.9234790874524715 0.31581530885744563 0.061787072243346015 0.19031664900579695
3 0.813212927756654 0.3144362027052297 0.05228136882129292 0.1103284921772736
24 0.08555133079847907 0.6261141931060276 0.06463878326996197 0.28133765505204755
25 0.1444866920152091 0.6274932992582435 0.0418250950570342 0.2675465935298884
26 0.19866920152091253 0.6288724054104595 0.05513307984790877 0.24823910739886557
27 0.2571292775665399 0.6219768746493799 0.05228136882129274 0.24548089509443372
28 0.3127376425855513 0.6150813438883003 0.051330798479087426 0.2592719566165929
29 0.36834600760456276 0.6178395561927321 0.05418250950570339 0.23720625818113816
30 0.4258555133079848 0.6178395561927321 0.05133079847908746 0.23168983357227446
31 0.47956273764258556 0.6109440254316525 0.05418250950570346 0.22893162126784275
32 0.5356463878326996 0.6178395561927321 0.04847908745247153 0.24823910739886557
33 0.5917300380228138 0.6178395561927321 0.05418250950570346 0.25375553200772927
34 0.6468631178707224 0.619218662344948 0.05038022813688215 0.26754659352988847
35 0.7024714828897339 0.601290282366141 0.0551330798479087 0.23168983357227455
36 0.7571292775665398 0.5930156454528455 0.05038022813688215 0.2096241351368198
37 0.8127376425855514 0.5999111762139251 0.05323193916349808 0.22341519665897905
38 0.870722433460076 0.5888783269961978 0.04942965779467684 0.2123823474412516
39 0.9282319391634981 0.5957738577572773 0.05608365019011416 0.23720625818113825
