17 0.08460076045627377 0.3606832466827035 0.05513307984790874 0.24695429502599517
18 0.1435361216730038 0.37693023977651896 0.05323193916349812 0.2664506867385738
19 0.19819391634980987 0.3720561418483743 0.050380228136882116 0.23720609916970595
20 0.2509505703422053 0.3688067432296112 0.045627376425855494 0.23720609916970584
21 0.3051330798479087 0.3671820439202297 0.05513307984790877 0.2534530922635214
22 0.3597908745247148 0.3623079459920851 0.04657794676806091 0.2567024908822845
23 0.41444866920152096 0.3704314425389928 0.05513307984790877 0.2664506867385738
24 0.471958174904943 0.3720561418483744 0.05038022813688215 0.2761988825948631
25 0.5242395437262357 0.3720561418483743 0.038973384030418286 0.25670249088228453
26 0.576045627376426 0.3541844494451773 0.04942965779467677 0.2469542950259952
27 0.6326045627376427 0.3655573446108481 0.05418250950570354 0.25670249088228453
28 0.6877376425855514 0.3655573446108481 0.04657794676806077 0.25670249088228453
29 0.7433460076045628 0.3639326453014665 0.0551330798479087 0.24045549778846897
30 0.7980038022813687 0.3720561418483743 0.05038022813688215 0.23720609916970595
31 0.8507604562737643 0.359058547373322 0.04942965779467684 0.2632012881198107
32 0.9063688212927756 0.3704314425389928 0.04467680608365015 0.25995188950104753
37 0.08697718631178708 0.6466303251338559 0.05038022813688212 0.24695429502599509
38 0.1411596958174905 0.656378520990145 0.05418250950570339 0.23395670055094278
39 0.19771863117870722 0.6628773182276713 0.05323193916349812 0.23395670055094286
40 0.2519011406844107 0.6612526189182897 0.047528517110266184 0.2567024908822845
41 0.30560836501901134 0.6547538216807635 0.05228136882129274 0.25020369364475825
42 0.3616920152091254 0.6661267168464343 0.05038022813688215 0.2794482812136262
6 0.41539923954372626 0.6693761154651975 0.04752851711026615 0.25995188950104753
7 0.4672053231939164 0.6515044230620005 0.035171102661596974 0.24370489640723206
8 0.5242395437262357 0.6596279196089082 0.05038022813688208 0.2534530922635214
9 0.5769961977186311 0.6580032202995266 0.04942965779467677 0.23070730193217975
10 0.6316539923954373 0.6531291223713819 0.04847908745247153 0.2209591060758904
11 0.6858365019011408 0.6515044230620005 0.04847908745247153 0.22420850469465342
12 0.7395437262357415 0.6515044230620003 0.05133079847908761 0.2372060991697059
13 0.7923003802281369 0.6450056258244743 0.05038022813688201 0.2372060991697059
14 0.8507604562737643 0.6482550244432373 0.04752851711026608 0.24370489640723206
15 0.9035171102661599 0.6628773182276713 0.04657794676806091 0.20796151160083803
