32 0.12894292040633504 0.46486486486486484 0.07327383668847083 0.254054054054054
8 0.27691800618629886 0.4283783783783784 0.053290063046160546 0.2189189189189188
39 0.33115967750114095 0.4351351351351351 0.04758041343407204 0.20540540540540533
7 0.3754094619948279 0.4324324324324324 0.035209505941213234 0.21081081081081074
16 0.42584470023494414 0.4283783783783784 0.0523384547774792 0.1324324324324324
13 0.5167232898940216 0.3945945945945946 0.05519327958352349 0.2108108108108108
4 0.5638278991937529 0.45135135135135135 0.027596639791761746 0.07027027027027032
13 0.6095050960904619 0.3932432432432432 0.05424167131484204 0.24054054054054053
15 0.6651741798083262 0.3824324324324324 0.04187076382198327 0.20270270270270274
27 0.7146578097797609 0.3635135135135135 0.04758041343407214 0.20270270270270277
8 0.765568852154218 0.34729729729729736 0.04472558862802771 0.20270270270270274
11 0.8117218531852677 0.34729729729729736 0.04187076382198327 0.20270270270270274
19 0.8559716376789548 0.3270270270270271 0.04472558862802771 0.17837837837837842
35 0.13465257001842368 0.7027027027027027 0.05804810438956784 0.20000000000000007
9 0.18937004546760644 0.6716216216216216 0.04187076382198335 0.24054054054054055
13 0.23742626303601913 0.681081081081081 0.04472558862802764 0.2108108108108108
6 0.2864340888731132 0.6756756756756757 0.04567719689670906 0.227027027027027
26 0.33639352297888886 0.6635135135135135 0.04853202170275342 0.18108108108108106
7 0.42822372090664773 0.6472972972972972 0.04377398035934618 0.19189189189189185
11 0.4758041343407197 0.6391891891891892 0.05519327958352342 0.21891891891891896
15 0.529570001521221 0.6297297297297297 0.04282237209066473 0.20540540540540547
7 0.6180695705085949 0.6081081081081081 0.046628805165390474 0.18918918918918926
6 0.6708838294204148 0.5972972972972973 0.047580413434072 0.17297297297297307
9 0.7170368304514646 0.5810810810810811 0.046628805165390474 0.21081081081081074
32 0.8107702449165864 0.5797297297297298 0.05329006304616073 0.19729729729729725
35 0.8645361120970878 0.5621621621621621 0.048532021702753385 0.19999999999999993
