32 0.13084613694369793 0.46351351351351355 0.0675641870763822 0.21891891891891896
32 0.8102944407822457 0.5756756756756757 0.056144887852204874 0.2108108108108108
35 0.8669151327687914 0.5662162162162163 0.06280614573297484 0.20810810810810815
35 0.1351283741527644 0.6945945945945947 0.06090292919561209 0.1945945945945946
11 0.47532833020637894 0.6337837837837837 0.056144887852204874 0.21351351351351355
7 0.42965113330966986 0.6418918918918919 0.04282237209066487 0.2081081081081082
7 0.6228276118520022 0.6094594594594595 0.04282237209066473 0.19729729729729725
6 0.3763610702635093 0.42702702702702694 0.04282237209066473 0.22162162162162155
8 0.275014789648936 0.4283783783783784 0.06470936227033786 0.2189189189189188
8 0.7603350066764701 0.3486486486486487 0.05329006304616073 0.18918918918918923
13 0.5176748981627031 0.38108108108108113 0.05519327958352349 0.22162162162162166
13 0.6123599208965063 0.3648648648648649 0.046628805165390474 0.21081081081081085
15 0.6651741798083262 0.3675675675675676 0.049483629971434906 0.20000000000000004
16 0.8055363994388384 0.3337837837837838 0.05424167131484196 0.2243243243243243
19 0.8607296790223619 0.32432432432432434 0.06566097053901927 0.2270270270270271
4 0.5671585281341379 0.41891891891891886 0.036161114209894624 0.1837837837837838
16 0.4244172878319219 0.40405405405405403 0.04948362997143484 0.13783783783783782
39 0.32640163615773365 0.42432432432432426 0.053290063046160546 0.22702702702702696
13 0.23361982996129335 0.6770270270270271 0.04662880516539051 0.20270270270270274
6 0.2850066764700911 0.6783783783783783 0.052338454777479164 0.21081081081081074
26 0.3340145023071852 0.6486486486486487 0.03806433074725753 0.2108108108108108
19 0.18984584960194717 0.6851351351351351 0.05043523824011629 0.21351351351351355
9 0.7198916552575089 0.5905405405405406 0.05233845477747906 0.19729729729729725
15 0.5290941973868803 0.6243243243243244 0.05519327958352349 0.2270270270270271
6 0.668980612883052 0.5972972972972973 0.049483629971434906 0.18378378378378385
