17 0.08697718631178708 0.3606832466827035 0.05228136882129278 0.22095910607589045
18 0.1435361216730038 0.3671820439202297 0.04752851711026615 0.2534530922635214
19 0.19724334600760457 0.37043144253899274 0.052281368821292806 0.25345309226352136
20 0.25095057034220536 0.3688067432296112 0.04942965779467684 0.2307073019321797
21 0.30560836501901134 0.3639326453014666 0.050380228136882116 0.24695429502599514
22 0.3593155893536122 0.3574338480639404 0.05133079847908746 0.2469542950259952
23 0.4120722433460076 0.3541844494451773 0.04847908745247153 0.23395670055094286
24 0.4681558935361217 0.36880674322961127 0.05798479087452477 0.2437048964072321
25 0.5242395437262357 0.3736808411577559 0.04087452471482891 0.2664506867385737
26 0.5755703422053231 0.3574338480639404 0.05228136882129277 0.22095910607589045
27 0.630703422053232 0.3753055404671374 0.04847908745247146 0.2242085046946535
28 0.6858365019011408 0.3671820439202297 0.04847908745247153 0.23395670055094275
29 0.7419201520912548 0.36880674322961127 0.05038022813688215 0.2502036936447583
30 0.7961026615969581 0.3720561418483743 0.05228136882129277 0.22420850469465348
31 0.8517110266159696 0.3558091487545589 0.0494296577946767 0.22420850469465356
32 0.9063688212927755 0.3541844494451773 0.05038022813688215 0.2209591060758904
37 0.08602661596958175 0.656378520990145 0.056083650190114076 0.2274579033134166
38 0.14258555133079845 0.6466303251338558 0.04942965779467679 0.20796151160083795
39 0.19676806083650192 0.6547538216807635 0.05323193916349808 0.26320128811981064
40 0.252851711026616 0.6385068285869481 0.051330798479087496 0.2177097074571273
41 0.30750950570342206 0.6401315278963297 0.04657794676806077 0.22095910607589048
42 0.3607414448669201 0.6628773182276713 0.04847908745247153 0.24045549778846897
6 0.41349809885931565 0.6596279196089081 0.04942965779467677 0.24695429502599517
7 0.4657794676806084 0.6580032202995266 0.039923954372623596 0.2567024908822845
8 0.5223384030418251 0.656378520990145 0.05228136882129277 0.25995188950104764
9 0.5812737642585551 0.6531291223713819 0.05038022813688215 0.2534530922635214
10 0.6368821292775665 0.6677514161558159 0.04752851711026608 0.24370489640723206
11 0.688212927756654 0.6515044230620005 0.04752851711026608 0.2502036936447584
12 0.7428707224334602 0.6596279196089082 0.05038022813688215 0.2534530922635214
13 0.7965779467680608 0.6385068285869481 0.04942965779467684 0.2307073019321797
14 0.8502851711026617 0.649879723752619 0.04657794676806077 0.2534530922635214
15 0.9063688212927759 0.6596279196089082 0.05228136882129277 0.23395670055094292
