17 0.08602661596958175 0.3769302397765189 0.05228136882129277 0.27944828121362614
18 0.1402091254752852 0.37693023977651896 0.05418250950570341 0.28594707845115236
19 0.19439163498098858 0.3606832466827035 0.050380228136882116 0.240455497788469
20 0.2504752851711027 0.38505373632342677 0.04847908745247146 0.2891964770699154
21 0.30465779467680604 0.3834290370140452 0.048479087452471495 0.25995188950104764
22 0.3602661596958175 0.35905854737332193 0.04752851711026622 0.2567024908822844
23 0.4158745247148289 0.37855493908590054 0.05228136882129277 0.2437048964072321
24 0.4700570342205323 0.37693023977651896 0.04847908745247146 0.2534530922635214
25 0.5232889733840304 0.3623079459920851 0.04467680608365008 0.2632012881198107
26 0.5784220532319391 0.3688067432296112 0.0522813688212927 0.2307073019321797
27 0.6326045627376427 0.3655573446108481 0.04657794676806084 0.2632012881198106
28 0.6872623574144486 0.37693023977651896 0.04752851711026622 0.24695429502599522
29 0.7433460076045628 0.3753055404671375 0.04942965779467684 0.26970008535733686
30 0.7975285171102661 0.362307945992085 0.04942965779467684 0.22420850469465348
31 0.8517110266159696 0.37043144253899274 0.04752851711026622 0.23395670055094278
32 0.905893536121673 0.3655573446108481 0.05133079847908732 0.24370489640723206
37 0.08365019011406843 0.6628773182276713 0.05513307984790874 0.24695429502599517
38 0.14306083650190116 0.6466303251338559 0.05228136882129277 0.22745790331341667
39 0.19534220532319388 0.6515044230620005 0.048479087452471495 0.2697000853573369
40 0.25332699619771865 0.6628773182276714 0.05418250950570339 0.22745790331341667
41 0.30750950570342206 0.6628773182276713 0.04657794676806077 0.24695429502599517
42 0.3588403041825095 0.6612526189182898 0.05038022813688215 0.26970008535733697
6 0.41539923954372626 0.6661267168464344 0.04942965779467684 0.2599518895010477
7 0.4695817490494296 0.6580032202995266 0.039923954372623596 0.2567024908822845
8 0.5242395437262357 0.6612526189182897 0.05038022813688208 0.2956952743074415
9 0.5784220532319392 0.6547538216807635 0.05038022813688215 0.2567024908822845
10 0.629277566539924 0.6612526189182898 0.049429657794676916 0.26970008535733697
11 0.6863117870722434 0.6596279196089081 0.0551330798479087 0.279448281213626
12 0.7423954372623576 0.6498797237526189 0.04942965779467684 0.2729494839760999
13 0.7970532319391634 0.6482550244432373 0.04657794676806091 0.2632012881198107
14 0.8502851711026617 0.6515044230620005 0.05038022813688215 0.2567024908822845
15 0.9063688212927759 0.6547538216807635 0.04847908745247153 0.26320128811981064
