0 0.36454372623574144 0.3378810072929004 0.059885931558935394 0.2620301689210247
1 0.6459125475285171 0.326848158075173 0.05228136882129284 0.19583307361466062
2 0.7010456273764258 0.32822726422738896 0.05608365019011416 0.17652558748363778
5 0.9234790874524714 0.31305709655301384 0.057984790874524635 0.20686592283238803
3 0.8127376425855514 0.32271083961852526 0.0551330798479087 0.08826279374181883
24 0.08317490494296578 0.6247350869538116 0.0655893536121673 0.2620301689210247
25 0.14401140684410646 0.6274932992582436 0.044676806083650204 0.24548089509443372
26 0.19866920152091253 0.6178395561927321 0.04752851711026615 0.25375553200772927
27 0.2561787072243346 0.620597768497164 0.05418250950570339 0.25375553200772927
28 0.3113117870722434 0.6219768746493799 0.05418250950570339 0.2565137443121611
29 0.36549429657794674 0.6040484946705729 0.05038022813688208 0.2261734089634109
30 0.4230038022813688 0.6081858131272206 0.058935361216730084 0.21238234744125165
31 0.48051330798479086 0.6095649192794366 0.05228136882129284 0.23720625818113816
32 0.535171102661597 0.6123231315838684 0.05133079847908739 0.23720625818113816
33 0.5907794676806084 0.6040484946705729 0.056083650190114014 0.2537555320077292
34 0.6468631178707224 0.6178395561927321 0.0522813688212927 0.24823910739886557
35 0.7034220532319392 0.6068067069750047 0.05323193916349808 0.2372062581811383
36 0.7585551330798478 0.5985320700617092 0.04942965779467684 0.2703048058343203
37 0.8151140684410646 0.5999111762139252 0.04847908745247153 0.2399644704855701
38 0.8716730038022814 0.5985320700617092 0.04752851711026608 0.23168983357227455
39 0.9315589353612167 0.5930156454528455 0.06273764258555133 0.2206569843545471
