17 0.08602661596958175 0.3623079459920851 0.05038022813688212 0.23070730193217973
18 0.14163498098859315 0.36880674322961127 0.05323193916349808 0.2502036936447583
19 0.19866920152091253 0.362307945992085 0.051330798479087426 0.22420850469465348
20 0.2504752851711027 0.3736808411577559 0.04657794676806084 0.24045549778846906
21 0.3051330798479087 0.36880674322961127 0.05323193916349801 0.22420850469465353
22 0.3607414448669201 0.3574338480639404 0.04847908745247153 0.21446030883836417
23 0.4158745247148289 0.3720561418483743 0.05418250950570339 0.23720609916970595
24 0.47433460076045625 0.3704314425389928 0.0551330798479087 0.2469542950259952
25 0.5251901140684411 0.3671820439202297 0.037072243346007526 0.25995188950104753
26 0.5765209125475286 0.35905854737332193 0.05228136882129277 0.2307073019321797
27 0.6307034220532319 0.3639326453014666 0.05038022813688215 0.22745790331341664
28 0.686787072243346 0.3541844494451773 0.05038022813688215 0.2469542950259952
29 0.7423954372623576 0.3639326453014665 0.05133079847908746 0.24045549778846897
30 0.7970532319391634 0.3671820439202297 0.05038022813688215 0.21446030883836417
31 0.8488593155893536 0.36880674322961127 0.04562737642585546 0.2372060991697059
32 0.9020912547528517 0.3834290370140452 0.05133079847908746 0.2534530922635214
37 0.08602661596958175 0.6547538216807635 0.056083650190114076 0.23070730193217961
38 0.14306083650190113 0.6612526189182898 0.050380228136882116 0.23070730193217984
39 0.19486692015209126 0.6515044230620005 0.04942965779467677 0.22420850469465342
40 0.25285171102661597 0.6612526189182897 0.0551330798479087 0.243704896407232
41 0.3065589353612167 0.6515044230620005 0.04847908745247146 0.24370489640723206
42 0.3612167300380228 0.6498797237526189 0.04942965779467684 0.2209591060758904
6 0.4149239543726236 0.6515044230620005 0.05608365019011408 0.23070730193217975
7 0.4667300380228137 0.6531291223713819 0.038022813688212975 0.24045549778846906
8 0.5213878326996197 0.6531291223713819 0.05418250950570346 0.2534530922635214
9 0.5769961977186311 0.6482550244432375 0.04372623574144484 0.25020369364475825
10 0.6288022813688212 0.6547538216807635 0.04657794676806077 0.2567024908822845
11 0.686787072243346 0.6433809265150927 0.054182509505703254 0.22095910607589048
12 0.7419201520912548 0.6385068285869481 0.05038022813688215 0.2372060991697058
13 0.7961026615969581 0.6417562272057111 0.04657794676806077 0.2242085046946535
14 0.8512357414448669 0.656378520990145 0.05038022813688215 0.2274579033134166
15 0.9049429657794675 0.6531291223713819 0.05323193916349808 0.23395670055094278
