4 0.8645437262357415 0.4026989964470486 0.02376425855513304 0.07171351991522784
0 0.3650190114068441 0.33512279498846853 0.06273764258555133 0.25099731970329736
2 0.7000950570342205 0.32133173346630933 0.05418250950570354 0.16273452596147853
1 0.6421102661596959 0.32822726422738896 0.059885931558935394 0.17652558748363778
3 0.813212927756654 0.3185735211618775 0.04467680608365015 0.052406033784204914
5 0.9249049429657795 0.30754067194415013 0.060836501901140705 0.25651374431216106
24 0.08697718631178708 0.6261141931060276 0.05988593155893536 0.2316898335722746
25 0.1435361216730038 0.6233559808015957 0.045627376425855515 0.2206569843545472
26 0.2000950570342205 0.6247350869538117 0.052281368821292806 0.24548089509443372
27 0.25522813688212925 0.6288724054104595 0.05418250950570339 0.24823910739886557
28 0.3122623574144487 0.6288724054104594 0.05608365019011408 0.242722682790002
29 0.369296577946768 0.620597768497164 0.05418250950570346 0.23168983357227446
30 0.42538022813688214 0.620597768497164 0.05228136882129277 0.24272268279000186
31 0.48051330798479086 0.6137022377360843 0.05228136882129284 0.24548089509443372
32 0.5365969581749049 0.6178395561927321 0.05228136882129292 0.24823910739886557
33 0.591254752851711 0.6150813438883003 0.05133079847908739 0.23720625818113816
34 0.6478136882129277 0.6247350869538117 0.05418250950570346 0.2785794427476157
35 0.7062737642585551 0.6137022377360843 0.05323193916349808 0.26754659352988847
36 0.7595057034220533 0.5971529639094934 0.04752851711026608 0.223415196658979
37 0.8155893536121672 0.6095649192794366 0.05323193916349808 0.23720625818113816
38 0.870722433460076 0.602669388518357 0.05133079847908746 0.2454808950944338
39 0.9306083650190115 0.6081858131272206 0.058935361216729945 0.25651374431216106
