32 0.13179774521237936 0.4608108108108108 0.07898348630055946 0.22432432432432436
8 0.27834541858932105 0.4445945945945946 0.0523384547774792 0.2297297297297297
39 0.32925646096377803 0.4283783783783784 0.0494836299714348 0.20270270270270274
7 0.37874009093521294 0.4162162162162163 0.03616111420989476 0.227027027027027
16 0.42727211263796633 0.4094594594594595 0.05329006304616066 0.1324324324324325
13 0.5152958774909995 0.3864864864864865 0.05424167131484204 0.2324324324324324
9 0.6109325084934841 0.3635135135135135 0.05519327958352349 0.22972972972972971
4 0.5666827239997971 0.42567567567567566 0.027596639791761676 0.1324324324324325
13 0.6646983756739854 0.3716216216216216 0.048532021702753524 0.20270270270270271
27 0.7127545932423982 0.3608108108108108 0.051386846508797816 0.1918918918918919
8 0.7617624190794922 0.3554054054054054 0.04472558862802771 0.20270270270270271
11 0.8083912242448826 0.33918918918918917 0.050435238240116434 0.21891891891891896
19 0.8597780707536805 0.3256756756756756 0.0523384547774792 0.21351351351351347
35 0.1351283741527644 0.6932432432432433 0.058999712658249256 0.20270270270270266
9 0.18651522066156215 0.6851351351351351 0.0532900630461606 0.20810810810810815
13 0.23266822169261192 0.6743243243243242 0.048532021702753385 0.19729729729729725
6 0.2845308723357504 0.6675675675675676 0.053290063046160616 0.1945945945945946
26 0.3354419147102074 0.6716216216216216 0.048532021702753385 0.22972972972972974
11 0.4758041343407197 0.6283783783783784 0.051386846508797816 0.21891891891891896
15 0.5300458056555617 0.6243243243243244 0.049483629971434906 0.21081081081081074
35 0.8650119162314286 0.5675675675675675 0.05519327958352349 0.2
32 0.8107702449165864 0.5662162162162162 0.049483629971434906 0.21351351351351341
6 0.670408025286074 0.5905405405405405 0.05614488785220502 0.19189189189189185
9 0.7179884387201461 0.5878378378378379 0.0523384547774792 0.20270270270270266
7 0.4306027415783514 0.6391891891891892 0.04091915555330189 0.20810810810810815
7 0.6214001994489798 0.6067567567567568 0.03806433074725753 0.21351351351351355
