17 0.08697718631178705 0.3655573446108481 0.05608365019011407 0.24370489640723206
18 0.14211026615969582 0.38017963839528207 0.050380228136882116 0.27944828121362614
19 0.19866920152091253 0.3720561418483744 0.04942965779467684 0.2761988825948631
20 0.2509505703422053 0.3671820439202297 0.04752851711026615 0.2534530922635214
21 0.3051330798479087 0.3623079459920851 0.051330798479087426 0.2632012881198107
22 0.3607414448669202 0.359058547373322 0.05038022813688208 0.2632012881198107
23 0.4149239543726236 0.3541844494451773 0.04847908745247146 0.26645068673857375
24 0.4700570342205323 0.3623079459920851 0.05418250950570346 0.23720609916970595
25 0.525190114068441 0.3688067432296112 0.04467680608365022 0.2567024908822844
26 0.5788973384030418 0.3639326453014665 0.04562737642585546 0.24045549778846897
27 0.6316539923954373 0.3736808411577559 0.04847908745247153 0.25995188950104764
28 0.6844106463878328 0.3671820439202297 0.0494296577946767 0.25995188950104753
29 0.7400190114068442 0.36880674322961127 0.05038022813688215 0.22420850469465353
30 0.7980038022813687 0.3688067432296112 0.05418250950570339 0.23720609916970584
31 0.8536121673003803 0.3639326453014665 0.04942965779467684 0.24045549778846897
32 0.904467680608365 0.3623079459920851 0.04847908745247139 0.23720609916970595
37 0.08460076045627377 0.6726255140839607 0.05323193916349809 0.24045549778846906
38 0.14068441064638784 0.6515044230620005 0.05133079847908746 0.2502036936447584
39 0.19534220532319396 0.6628773182276713 0.050380228136882116 0.24695429502599517
40 0.2519011406844106 0.6596279196089082 0.049429657794676805 0.2534530922635214
41 0.3070342205323194 0.6612526189182898 0.04752851711026615 0.23070730193217984
42 0.3597908745247148 0.6531291223713819 0.05038022813688215 0.24045549778846906
6 0.41634980988593157 0.656378520990145 0.04372623574144484 0.26645068673857364
7 0.4695817490494296 0.6693761154651975 0.038022813688212906 0.25995188950104753
8 0.5228136882129278 0.6612526189182898 0.05133079847908746 0.26320128811981064
9 0.5798479087452472 0.6482550244432375 0.05133079847908739 0.25020369364475825
10 0.6326045627376427 0.6482550244432373 0.04467680608365015 0.21770970745712723
11 0.6844106463878328 0.6482550244432375 0.05133079847908746 0.25020369364475825
12 0.7428707224334602 0.6580032202995266 0.04847908745247153 0.23720609916970595
13 0.7946768060836501 0.6531291223713821 0.04752851711026622 0.2274579033134166
14 0.8502851711026617 0.6693761154651975 0.05418250950570339 0.26645068673857375
15 0.9063688212927759 0.6531291223713821 0.05228136882129277 0.24695429502599522
