17 0.08745247148288973 0.3639326453014665 0.05513307984790874 0.2859470784511523
18 0.14211026615969582 0.3753055404671375 0.050380228136882116 0.29569527430744164
19 0.19486692015209126 0.3671820439202297 0.04942965779467677 0.26645068673857375
20 0.25 0.3818043377046636 0.05513307984790874 0.2891964770699154
21 0.3046577946768061 0.3704314425389928 0.0522813688212927 0.2664506867385738
22 0.3593155893536122 0.37043144253899274 0.05323193916349808 0.2664506867385737
23 0.4149239543726236 0.3720561418483743 0.05228136882129277 0.25020369364475825
24 0.4695817490494296 0.3671820439202297 0.05133079847908746 0.2534530922635214
25 0.5232889733840304 0.3639326453014665 0.04467680608365008 0.24045549778846897
26 0.5769961977186312 0.3639326453014666 0.04562737642585546 0.24695429502599514
27 0.6307034220532319 0.3720561418483743 0.05038022813688215 0.23720609916970595
28 0.686787072243346 0.3736808411577559 0.04847908745247139 0.24695429502599514
29 0.7404942965779469 0.37693023977651896 0.05133079847908746 0.24695429502599522
30 0.7951520912547528 0.37043144253899274 0.04847908745247139 0.23395670055094278
31 0.8502851711026617 0.3720561418483744 0.05038022813688215 0.2437048964072321
32 0.9054182509505705 0.3736808411577559 0.05038022813688215 0.2339567005509428
37 0.0865019011406844 0.6612526189182898 0.0532319391634981 0.26320128811981064
38 0.1435361216730038 0.6596279196089082 0.05133079847908746 0.24045549778846897
39 0.19771863117870722 0.6596279196089082 0.04942965779467677 0.23395670055094292
40 0.2519011406844107 0.6645020175370528 0.05323193916349812 0.24370489640723214
41 0.3079847908745247 0.6661267168464343 0.04942965779467684 0.24695429502599517
42 0.3607414448669201 0.6677514161558159 0.05228136882129277 0.2632012881198107
6 0.4149239543726236 0.6547538216807635 0.04847908745247146 0.23720609916970595
7 0.467680608365019 0.6612526189182897 0.03992395437262353 0.2567024908822845
8 0.5223384030418251 0.6612526189182898 0.05418250950570339 0.276198882594863
9 0.5784220532319391 0.6466303251338559 0.0522813688212927 0.24695429502599509
10 0.6330798479087453 0.6531291223713821 0.04942965779467677 0.24695429502599522
11 0.6858365019011408 0.6628773182276714 0.05228136882129263 0.2664506867385738
12 0.7404942965779469 0.6596279196089082 0.04942965779467684 0.2599518895010475
13 0.7927756653992395 0.656378520990145 0.0494296577946767 0.2729494839760999
14 0.8483840304182511 0.6645020175370528 0.05228136882129277 0.2697000853573368
15 0.905893536121673 0.6661267168464343 0.04752851711026608 0.23395670055094273
