32 0.1303703328093572 0.4608108108108108 0.060902929195612146 0.22432432432432436
32 0.8107702449165864 0.568918918918919 0.049483629971434906 0.19729729729729725
19 0.8593022666193397 0.3283783783783784 0.058999712658249305 0.22432432432432436
9 0.18794263306458425 0.6810810810810811 0.052338454777479164 0.20000000000000007
9 0.7222706759292126 0.5878378378378379 0.058999712658249305 0.18108108108108106
6 0.6680290046143704 0.591891891891892 0.05329006304616058 0.21081081081081074
8 0.2797728309923432 0.4324324324324324 0.05138684650879771 0.2
8 0.7579559860047665 0.35135135135135137 0.05804810438956792 0.2216216216216216
27 0.7094239643020132 0.3567567567567568 0.05233845477747906 0.20540540540540544
11 0.8074396159762014 0.34054054054054056 0.0523384547774792 0.2108108108108108
35 0.137507394824468 0.6918918918918919 0.052338454777479185 0.2162162162162162
6 0.2854824806044318 0.6756756756756757 0.05519327958352349 0.21081081081081088
26 0.3340145023071852 0.6608108108108108 0.04567719689670909 0.21351351351351355
13 0.5133926609536366 0.37567567567567567 0.056144887852204874 0.22702702702702704
13 0.6114083126278248 0.3648648648648649 0.048532021702753385 0.20000000000000004
13 0.23314402582695265 0.6729729729729729 0.05519327958352349 0.21621621621621628
4 0.5671585281341379 0.4432432432432432 0.03425789767253185 0.12432432432432428
16 0.4272721126379663 0.3945945945945946 0.05519327958352349 0.14594594594594595
11 0.4743767219376976 0.6243243243243243 0.05424167131484211 0.21621621621621628
15 0.5276667849838581 0.6202702702702703 0.048532021702753524 0.191891891891892
15 0.6632709632709632 0.3635135135135135 0.047580413434071926 0.21351351351351358
35 0.8659635245001098 0.5675675675675675 0.06090292919561208 0.20540540540540542
7 0.6209243953146393 0.6081081081081081 0.04472558862802771 0.19999999999999993
7 0.42727211263796633 0.6378378378378378 0.03996754728462044 0.20540540540540542
7 0.3763610702635093 0.4175675675675676 0.04282237209066473 0.2297297297297297
39 0.32830485269509657 0.42972972972972967 0.05519327958352346 0.227027027027027
